Fri Jul 17 08:46:52 2015
It's time to go fishing with the Dailys!!
Setting up CAN0...
CAN0 init ok!!
K = 	4
I = 	9
D = 	23
BitShift K = 	2
BitShift I = 	7
BitShift D = 	4
#:Mode	Millis	Speed	Lat	Long	Head	Final	Goal	Diff	Sum	Drift	Left	Right
1:Man. 	8260	0	0	0	273	0	273	0	0	0	200	0
1:Man. 	8461	0	0	0	273	0	273	0	0	0	200	0
1:Man. 	8664	0	0	0	273	0	273	0	0	0	200	0
1:Man. 	8882	0	0	0	273	0	273	0	0	0	200	0
1:Man. 	9083	0	0	0	273	0	273	0	0	0	200	0
1:Man. 	9283	0	0	0	273	0	273	0	0	0	200	0
1:Man. 	9484	0	0	0	273	0	273	0	0	0	100	100
1:Man. 	9687	0	0	0	273	0	273	0	0	0	100	100
1:Man. 	9887	0	0	0	273	0	273	0	0	0	100	100
1:Man. 	10088	0	0	0	273	0	273	0	0	0	100	100
1:Man. 	10306	0	0	0	273	0	273	0	0	0	100	100
1:Man. 	10507	0	0	0	274	0	273	-1	-2	-1	98	102
1:Man. 	10707	0	0	0	274	0	273	-1	-6	-1	98	102
1:Man. 	10907	0	0	0	274	0	273	-1	-9	-1	98	102
1:Man. 	11108	0	0	0	274	0	273	-1	-13	-1	98	102
1:Man. 	11308	0	0	0	274	0	274	0	0	0	100	100
2:Turn 	11510	0	0	0	275	0	275	0	2	0	101	99
2:Turn 	11710	0	0	0	275	0	275	0	2	0	101	99
2:Turn 	11912	0	0	0	275	0	275	0	2	0	101	99
2:Turn 	12130	0	0	0	275	0	275	0	2	0	101	99
2:Turn 	12331	0	0	0	275	0	275	0	2	0	101	99
2:Turn 	12532	0	0	0	276	0	275	-1	0	0	100	100
2:Turn 	12733	0	0	0	276	0	276	0	0	0	101	99
2:Turn 	12934	0	0	0	276	0	276	0	0	0	101	99
2:Turn 	13135	0	0	0	276	0	276	0	0	0	101	99
2:Turn 	13336	0	0	0	276	0	276	0	0	0	101	99
2:Turn 	13537	0	0	0	276	0	276	0	0	0	101	99
2:Turn 	13739	0	0	0	276	0	276	0	0	0	101	99
2:Turn 	13939	0	0	0	276	0	277	1	4	0	102	98
2:Turn 	14140	0	0	0	276	0	277	1	7	0	102	98
2:Turn 	14341	0	0	0	276	0	277	1	11	0	102	98
2:Turn 	14542	0	0	0	277	0	277	0	13	0	101	99
2:Turn 	14743	0	0	0	277	0	277	0	13	0	101	99
2:Turn 	14944	0	0	0	277	0	277	0	13	0	101	99
2:Turn 	15144	0	0	0	277	0	278	1	17	0	103	97
2:Turn 	15345	0	0	0	277	0	278	1	21	0	103	97
2:Turn 	15547	0	0	0	277	0	278	1	25	0	102	98
2:Turn 	15748	0	0	0	277	0	278	1	28	0	102	98
2:Turn 	15948	0	0	0	277	0	278	1	32	0	103	97
2:Turn 	16150	0	0	0	277	0	278	1	36	0	103	97
2:Turn 	16351	0	0	0	277	0	279	2	42	0	104	96
2:Turn 	16551	0	0	0	277	0	279	2	50	0	105	95
2:Turn 	16753	0	0	0	277	0	279	2	58	0	106	94
2:Turn 	16953	0	0	0	277	0	279	2	64	0	106	94
2:Turn 	17155	0	0	0	277	0	279	2	72	0	107	93
2:Turn 	17355	0	0	0	277	0	279	2	80	0	107	93
2:Turn 	17557	0	0	0	277	0	280	3	89	0	109	91
2:Turn 	17758	0	0	0	277	0	280	3	101	0	110	90
2:Turn 	17958	0	0	0	277	0	280	3	113	0	110	90
2:Turn 	18159	0	0	0	277	0	280	3	122	0	111	89
2:Turn 	18361	0	0	0	277	0	280	3	134	1	112	88
2:Turn 	18563	0	0	0	278	0	280	2	144	1	112	88
2:Turn 	18766	0	0	0	278	0	281	3	153	1	114	86
2:Turn 	18967	0	0	0	278	0	281	3	165	1	115	85
2:Turn 	19168	0	0	0	278	0	281	3	177	1	116	84
2:Turn 	19368	0	0	0	278	0	281	3	186	1	117	83
2:Turn 	19570	0	0	0	278	0	281	3	198	1	117	83
2:Turn 	19772	0	0	0	278	0	282	3	210	1	117	83
2:Turn 	19973	0	0	0	278	0	282	4	222	1	119	81
2:Turn 	20173	0	0	0	278	0	282	4	238	1	120	80
2:Turn 	20374	0	0	0	278	0	282	4	250	1	121	79
2:Turn 	20576	0	0	0	277	0	282	5	268	2	123	77
2:Turn 	20776	0	0	0	277	0	282	5	288	2	123	77
2:Turn 	20977	0	0	0	277	0	283	5	303	2	124	76
2:Turn 	21178	0	0	0	277	0	283	6	327	2	126	74
2:Turn 	21380	0	0	0	277	0	283	6	351	2	128	72
2:Turn 	21581	0	0	0	277	0	283	6	375	2	130	70
2:Turn 	21781	0	0	0	277	0	283	6	393	3	133	67
2:Turn 	21983	0	0	0	277	0	283	6	417	3	135	65
2:Turn 	22183	0	0	0	277	0	284	6	441	3	137	63
2:Turn 	22384	0	0	0	277	0	284	7	462	3	139	61
2:Turn 	22586	0	0	0	278	0	284	6	488	3	140	60
2:Turn 	22787	0	0	0	278	0	284	6	512	4	143	57
2:Turn 	22987	0	0	0	278	0	284	6	530	4	144	56
2:Turn 	23189	0	0	0	278	0	284	6	554	4	145	55
2:Turn 	23390	0	0	0	278	0	285	6	578	4	147	53
2:Turn 	23591	0	0	0	278	0	285	7	599	4	150	50
2:Turn 	23792	0	0	0	278	0	285	7	627	4	151	49
2:Turn 	23993	0	0	0	278	0	285	7	655	5	153	47
2:Turn 	24194	0	0	0	278	0	285	7	676	5	154	46
2:Turn 	24394	0	0	0	278	0	285	7	704	5	156	44
2:Turn 	24596	0	0	0	280	0	286	5	728	5	156	44
2:Turn 	24797	0	0	0	280	0	286	6	746	5	158	42
2:Turn 	24997	0	0	0	280	0	286	6	770	6	162	38
2:Turn 	25199	0	0	0	280	0	286	6	794	6	163	37
2:Turn 	25400	0	0	0	280	0	286	6	812	6	165	35
2:Turn 	25602	0	0	0	281	0	286	5	834	6	165	35
2:Turn 	25802	0	0	0	281	0	287	5	854	6	167	33
2:Turn 	26003	0	0	0	281	0	287	6	872	6	168	32
2:Turn 	26204	0	0	0	281	0	287	6	896	7	170	30
2:Turn 	26405	0	0	0	281	0	287	6	920	7	171	29
2:Turn 	26606	0	0	0	282	0	287	5	937	7	171	29
2:Turn 	26807	0	0	0	282	0	287	5	957	7	173	27
2:Turn 	27009	0	0	0	282	0	288	6	978	7	175	25
2:Turn 	27209	0	0	0	282	0	288	6	996	7	177	23
2:Turn 	27410	0	0	0	282	0	288	6	1020	7	178	22
2:Turn 	27612	0	0	0	285	0	288	3	1038	8	176	24
2:Turn 	27812	0	0	0	285	0	288	3	1047	8	177	23
2:Turn 	28013	0	0	0	285	0	288	3	1059	8	181	19
2:Turn 	28214	0	0	0	285	0	289	3	1068	8	182	18
2:Turn 	28416	0	0	0	285	0	289	4	1084	8	184	16
2:Turn 	28617	0	0	0	289	0	289	0	1092	8	180	20
2:Turn 	28818	0	0	0	289	0	289	0	1092	8	180	20
2:Turn 	29019	0	0	0	289	0	289	0	1092	8	181	19
2:Turn 	29219	0	0	0	289	0	289	0	1092	8	181	19
2:Turn 	29420	0	0	0	289	0	290	0	1092	8	181	19
2:Turn 	29623	0	0	0	294	0	290	-4	1086	8	177	23
2:Turn 	29827	0	0	0	294	0	290	-4	1074	8	176	24
2:Turn 	30027	0	0	0	294	0	290	-4	1058	8	177	23
2:Turn 	30228	0	0	0	294	0	290	-4	1042	8	176	24
2:Turn 	30429	0	0	0	294	0	290	-4	1030	8	175	25
2:Turn 	30631	0	0	0	299	0	291	-8	1005	7	169	31
2:Turn 	30831	0	0	0	299	0	291	-8	981	7	167	33
2:Turn 	31033	0	0	0	299	0	291	-8	949	7	165	35
2:Turn 	31234	0	0	0	299	0	291	-8	917	7	163	37
2:Turn 	31434	0	0	0	299	0	291	-8	893	6	161	39
2:Turn 	31636	0	0	0	306	0	291	-15	840	6	151	49
2:Turn 	31837	0	0	0	306	0	292	-15	795	6	147	53
2:Turn 	32037	0	0	0	306	0	292	-14	739	5	147	53
2:Turn 	32239	0	0	0	306	0	292	-14	697	5	145	55
2:Turn 	32440	0	0	0	306	0	292	-14	641	5	141	59
2:Turn 	32642	0	0	0	312	0	292	-20	567	4	129	71
2:Turn 	32842	0	0	0	312	0	292	-20	507	3	125	75
2:Turn 	33043	0	0	0	312	0	293	-19	428	3	119	81
2:Turn 	33244	0	0	0	312	0	293	-19	352	2	113	87
2:Turn 	33445	0	0	0	312	0	293	-19	293	2	109	91
2:Turn 	33647	0	0	0	317	0	293	-24	202	1	98	102
2:Turn 	33848	0	0	0	317	0	293	-24	106	0	91	109
2:Turn 	34050	0	0	0	317	0	293	-24	10	0	83	117
2:Turn 	34250	0	0	0	317	0	294	-23	-61	-1	79	121
2:Turn 	34451	0	0	0	317	0	294	-23	-152	-2	73	127
2:Turn 	34653	0	0	0	323	0	294	-29	-261	-3	59	141
2:Turn 	34853	0	0	0	323	0	294	-29	-348	-3	53	147
2:Turn 	35054	0	0	0	323	0	294	-29	-464	-4	46	154
2:Turn 	35256	0	0	0	323	0	294	-29	-580	-5	38	162
2:Turn 	35457	0	0	0	323	0	295	-28	-666	-6	33	167
2:Turn 	35658	0	0	0	328	0	295	-33	-793	-7	19	181
2:Turn 	35859	0	0	0	328	0	295	-33	-928	-8	9	191
2:Turn 	36060	0	0	0	328	0	295	-33	-1030	-9	1	199
2:Turn 	36263	0	0	0	328	0	295	-33	-1064	-9	0	200
2:Turn 	36466	0	0	0	328	0	295	-33	-1064	-9	0	200
2:Turn 	36666	0	0	0	331	0	296	-35	-1064	-9	0	200
2:Turn 	36866	0	0	0	331	0	296	-35	-1064	-9	0	200
2:Turn 	37068	0	0	0	331	0	296	-35	-1064	-9	0	200
3:Fix 	37270	0	0	0	331	0	0	-35	-1064	-9	0	200
3:Fix 	37472	0	0	0	331	0	0	29	87	0	139	61
3:Fix 	37675	0	0	0	331	0	0	29	203	1	147	53
3:Fix 	37876	0	0	0	331	0	0	29	319	2	155	45
3:Fix 	38078	0	0	0	331	0	0	29	406	3	161	39
3:Fix 	38278	0	0	0	331	0	0	29	522	4	165	35
3:Fix 	38479	0	0	0	331	0	0	29	638	4	173	27
3:Fix 	38681	0	0	0	329	0	0	31	731	5	182	18
3:Fix 	38884	0	0	0	329	0	0	31	855	6	191	9
3:Fix 	39089	0	0	0	329	0	0	31	979	7	199	1
5:Full	41361	0	0	0	328	0	328	0	1041	8	171	29
5:Full	41562	0	0	0	330	0	330	0	0	0	98	102
5:Full	41762	0	0	0	330	0	330	0	0	0	98	102
5:Full	41963	0	0	0	330	0	330	0	0	0	98	102
5:Full	42164	0	0	0	330	0	330	0	0	0	98	102
5:Full	42364	0	0	0	330	0	330	0	0	0	98	102
5:Full	42566	0	0	0	330	0	330	0	0	0	102	98
5:Full	42767	0	0	0	330	0	330	0	0	0	102	98
5:Full	42967	0	0	0	330	0	330	0	0	0	102	98
5:Full	43167	0	0	0	330	0	330	0	0	0	102	98
5:Full	43368	0	0	0	330	0	330	0	0	0	102	98
5:Full	43570	0	0	0	331	0	331	0	0	0	100	100
5:Full	43770	0	0	0	331	0	331	0	0	0	100	100
5:Full	43970	0	0	0	331	0	331	0	0	0	100	100
5:Full	44172	0	0	0	331	0	331	0	0	0	100	100
5:Full	44372	0	0	0	331	0	331	0	0	0	100	100
5:Full	44573	0	0	0	331	0	331	0	0	0	101	99
5:Full	44774	0	0	0	331	0	331	0	0	0	101	99
5:Full	44975	0	0	0	331	0	331	0	0	0	101	99
5:Full	45175	0	0	0	331	0	331	0	0	0	101	99
5:Full	45376	0	0	0	331	0	331	0	0	0	101	99
5:Full	45578	0	0	0	331	0	331	0	0	0	100	100
5:Full	45778	0	0	0	331	0	331	0	0	0	100	100
5:Full	45978	0	0	0	331	0	331	0	0	0	100	100
5:Full	46179	0	0	0	331	0	331	0	0	0	100	100
5:Full	46381	0	0	0	331	0	331	0	0	0	100	100
5:Full	46581	0	0	0	333	0	333	0	0	0	100	100
5:Full	46782	0	0	0	333	0	333	0	0	0	100	100
5:Full	46983	0	0	0	333	0	333	0	0	0	100	100
5:Full	47183	0	0	0	333	0	333	0	0	0	100	100
5:Full	47384	0	0	0	333	0	333	0	0	0	100	100
5:Full	47586	0	0	0	334	0	334	0	0	0	102	98
5:Full	47790	0	0	0	334	0	334	0	0	0	102	98
5:Full	47990	0	0	0	334	0	334	0	0	0	102	98
5:Full	48191	0	0	0	334	0	334	0	0	0	102	98
5:Full	48392	0	0	0	334	0	334	0	0	0	102	98
5:Full	48592	0	0	0	335	0	335	0	0	0	102	98
5:Full	48793	0	0	0	335	0	335	0	0	0	102	98
5:Full	48994	0	0	0	335	0	335	0	0	0	102	98
5:Full	49195	0	0	0	335	0	335	0	0	0	102	98
5:Full	49395	0	0	0	335	0	335	0	0	0	102	98
5:Full	49596	0	0	0	334	0	334	0	0	0	98	102
5:Full	49797	0	0	0	334	0	334	0	0	0	98	102
5:Full	49997	0	0	0	334	0	334	0	0	0	98	102
5:Full	50198	0	0	0	334	0	334	0	0	0	98	102
5:Full	50399	0	0	0	334	0	334	0	0	0	98	102
5:Full	50599	0	0	0	335	0	335	0	0	0	98	102
5:Full	50800	0	0	0	335	0	335	0	0	0	101	99
5:Full	51001	0	0	0	335	0	335	0	0	0	101	99
5:Full	51202	0	0	0	335	0	335	0	0	0	101	99
5:Full	51402	0	0	0	335	0	335	0	0	0	101	99
5:Full	51604	0	0	0	335	0	335	0	0	0	101	99
5:Full	51805	0	0	0	335	0	335	0	0	0	100	100
5:Full	52008	0	0	0	335	0	335	0	0	0	100	100
5:Full	52209	0	0	0	335	0	335	0	0	0	100	100
5:Full	52410	0	0	0	335	0	335	0	0	0	100	100
5:Full	52612	0	0	0	335	0	335	0	0	0	100	100
5:Full	52815	0	0	0	335	0	335	0	0	0	100	100
5:Full	53016	0	0	0	335	0	335	0	0	0	100	100
5:Full	53217	0	0	0	335	0	335	0	0	0	100	100
5:Full	53417	0	0	0	335	0	335	0	0	0	100	100
5:Full	53619	0	0	0	336	0	336	0	0	0	100	100
5:Full	53820	0	0	0	336	0	336	0	0	0	101	99
5:Full	54020	0	0	0	336	0	336	0	0	0	101	99
5:Full	54221	0	0	0	336	0	336	0	0	0	101	99
5:Full	54421	0	0	0	336	0	336	0	0	0	101	99
5:Full	54623	0	0	0	335	0	335	0	0	0	101	99
5:Full	54827	0	0	0	335	0	335	0	0	0	98	102
5:Full	55027	0	0	0	335	0	335	0	0	0	98	102
5:Full	55228	0	0	0	335	0	335	0	0	0	98	102
5:Full	55429	0	0	0	335	0	335	0	0	0	98	102
5:Full	55629	0	0	0	336	0	336	0	0	0	98	102
5:Full	55830	0	0	0	336	0	336	0	0	0	101	99
5:Full	56031	0	0	0	336	0	336	0	0	0	101	99
5:Full	56231	0	0	0	336	0	336	0	0	0	101	99
5:Full	56432	0	0	0	336	0	336	0	0	0	101	99
5:Full	56633	0	0	0	336	0	336	0	0	0	101	99
5:Full	56834	0	0	0	336	0	336	0	0	0	100	100
5:Full	57034	0	0	0	336	0	336	0	0	0	100	100
5:Full	57235	0	0	0	336	0	336	0	0	0	100	100
5:Full	57436	0	0	0	336	0	336	0	0	0	100	100
5:Full	57636	0	0	0	335	0	425	90	90	0	200	0
5:Full	57836	0	0	0	335	0	425	90	90	0	200	0
5:Full	58036	0	0	0	335	0	425	90	90	0	200	0
5:Full	58236	0	0	0	335	0	425	90	90	0	200	0
5:Full	58436	0	0	0	335	0	425	90	90	0	200	0
5:Full	58636	0	0	0	335	0	425	90	90	0	200	0
5:Full	58836	0	0	0	335	0	425	90	90	0	200	0
5:Full	59036	0	0	0	335	0	425	90	90	0	200	0
5:Full	59236	0	0	0	335	0	425	90	90	0	200	0
5:Full	59436	0	0	0	335	0	425	90	90	0	200	0
5:Full	59636	0	0	0	338	0	428	90	90	0	200	0
5:Full	59836	0	0	0	338	0	428	90	90	0	200	0
5:Full	60036	0	0	0	338	0	428	90	90	0	200	0
5:Full	60236	0	0	0	338	0	428	90	90	0	200	0
5:Full	60436	0	0	0	338	0	428	90	90	0	200	0
5:Full	60636	0	0	0	342	0	432	90	90	0	200	0
5:Full	60836	0	0	0	342	0	432	90	90	0	200	0
5:Full	61036	0	0	0	342	0	432	90	90	0	200	0
5:Full	61236	0	0	0	342	0	432	90	90	0	200	0
5:Full	61436	0	0	0	342	0	432	90	90	0	200	0
5:Full	61636	0	0	0	347	0	437	90	90	0	200	0
5:Full	61836	0	0	0	347	0	437	90	90	0	200	0
5:Full	62036	0	0	0	347	0	437	90	90	0	200	0
5:Full	62236	0	0	0	347	0	437	90	90	0	200	0
5:Full	62436	0	0	0	347	0	437	90	90	0	200	0
5:Full	62636	0	0	0	355	0	445	90	90	0	200	0
5:Full	62850	0	0	0	355	0	445	90	90	0	200	0
5:Full	63062	0	0	0	355	0	445	90	90	0	200	0
5:Full	63262	0	0	0	355	0	445	90	90	0	200	0
5:Full	63462	0	0	0	355	0	445	90	90	0	200	0
5:Full	63662	0	0	0	2	0	92	90	90	0	200	0
5:Full	63862	0	0	0	2	0	92	90	90	0	200	0
5:Full	64062	0	0	0	2	0	92	90	90	0	200	0
5:Full	64262	0	0	0	2	0	92	90	90	0	200	0
5:Full	64462	0	0	0	2	0	92	90	90	0	200	0
5:Full	64662	0	0	0	11	0	101	90	90	0	200	0
5:Full	64862	0	0	0	11	0	101	90	90	0	200	0
5:Full	65062	0	0	0	11	0	101	90	90	0	200	0
5:Full	65262	0	0	0	11	0	101	90	90	0	200	0
5:Full	65462	0	0	0	11	0	101	90	90	0	200	0
5:Full	65662	0	0	0	21	0	111	90	90	0	200	0
5:Full	65862	0	0	0	21	0	111	90	90	0	200	0
5:Full	66062	0	0	0	21	0	111	90	90	0	200	0
5:Full	66262	0	0	0	21	0	111	90	90	0	200	0
5:Full	66462	0	0	0	21	0	111	90	90	0	200	0
5:Full	66662	0	0	0	30	0	120	90	90	0	200	0
5:Full	66862	0	0	0	30	0	120	90	90	0	200	0
5:Full	67062	0	0	0	30	0	120	90	90	0	200	0
5:Full	67262	0	0	0	30	0	120	90	90	0	200	0
5:Full	67462	0	0	0	30	0	120	90	90	0	200	0
5:Full	67662	0	0	0	38	0	128	90	90	0	200	0
5:Full	67862	0	0	0	38	0	128	90	90	0	200	0
5:Full	68062	0	0	0	38	0	128	90	90	0	200	0
5:Full	68262	0	0	0	38	0	128	90	90	0	200	0
5:Full	68462	0	0	0	38	0	128	90	90	0	200	0
5:Full	68662	0	0	0	48	0	138	90	90	0	200	0
5:Full	68862	0	0	0	48	0	138	90	90	0	200	0
5:Full	69062	0	0	0	48	0	138	90	90	0	200	0
5:Full	69262	0	0	0	48	0	138	90	90	0	200	0
5:Full	69464	0	0	0	48	0	48	0	90	0	120	80
5:Full	69664	0	0	0	57	0	57	0	0	0	114	86
5:Full	69864	0	0	0	57	0	57	0	0	0	114	86
5:Full	70066	0	0	0	57	0	57	0	0	0	114	86
5:Full	70266	0	0	0	57	0	57	0	0	0	112	88
5:Full	70466	0	0	0	57	0	57	0	0	0	112	88
5:Full	70668	0	0	0	65	0	65	0	0	0	112	88
5:Full	70872	0	0	0	65	0	65	0	0	0	112	88
5:Full	71072	0	0	0	65	0	65	0	0	0	112	88
5:Full	71272	0	0	0	65	0	65	0	0	0	111	89
5:Full	71473	0	0	0	65	0	65	0	0	0	111	89
5:Full	71674	0	0	0	73	0	73	0	0	0	111	89
5:Full	71874	0	0	0	73	0	73	0	0	0	111	89
5:Full	72075	0	0	0	73	0	73	0	0	0	111	89
5:Full	72275	0	0	0	73	0	73	0	0	0	111	89
5:Full	72475	0	0	0	73	0	73	0	0	0	111	89
5:Full	72677	0	0	0	79	0	79	0	0	0	111	89
5:Full	72877	0	0	0	79	0	79	0	0	0	111	89
5:Full	73077	0	0	0	79	0	79	0	0	0	111	89
5:Full	73278	0	0	0	79	0	79	0	0	0	108	92
5:Full	73479	0	0	0	79	0	79	0	0	0	108	92
5:Full	73679	0	0	0	85	0	85	0	0	0	108	92
5:Full	73880	0	0	0	85	0	85	0	0	0	108	92
5:Full	74081	0	0	0	85	0	85	0	0	0	108	92
5:Full	74285	0	0	0	85	0	85	0	0	0	108	92
5:Full	74485	0	0	0	85	0	85	0	0	0	108	92
5:Full	74686	0	0	0	88	0	88	0	0	0	108	92
5:Full	74887	0	0	0	88	0	88	0	0	0	108	92
5:Full	75087	0	0	0	88	0	88	0	0	0	108	92
5:Full	75287	0	0	0	88	0	88	0	0	0	108	92
5:Full	75488	0	0	0	88	0	88	0	0	0	104	96
5:Full	75689	0	0	0	93	0	93	0	0	0	104	96
5:Full	75889	0	0	0	93	0	93	0	0	0	104	96
5:Full	76090	0	0	0	93	0	93	0	0	0	104	96
5:Full	76291	0	0	0	93	0	93	0	0	0	104	96
5:Full	76491	0	0	0	93	0	93	0	0	0	107	93
5:Full	76692	0	0	0	98	0	98	0	0	0	107	93
5:Full	76893	0	0	0	98	0	98	0	0	0	107	93
5:Full	77093	0	0	0	98	0	98	0	0	0	107	93
5:Full	77293	0	0	0	98	0	98	0	0	0	107	93
5:Full	77494	0	0	0	98	0	98	0	0	0	107	93
5:Full	77694	0	0	0	100	0	100	0	0	0	107	93
5:Full	77895	0	0	0	100	0	100	0	0	0	107	93
5:Full	78096	0	0	0	100	0	100	0	0	0	107	93
5:Full	78297	0	0	0	100	0	100	0	0	0	107	93
5:Full	78497	0	0	0	100	0	100	0	0	0	102	98
5:Full	78699	0	0	0	103	0	103	0	0	0	102	98
5:Full	78899	0	0	0	103	0	103	0	0	0	102	98
5:Full	79099	0	0	0	103	0	103	0	0	0	102	98
5:Full	79300	0	0	0	103	0	103	0	0	0	102	98
5:Full	79501	0	0	0	103	0	103	0	0	0	104	96
5:Full	79702	0	0	0	105	0	105	0	0	0	104	96
5:Full	79902	0	0	0	105	0	105	0	0	0	104	96
5:Full	80103	0	0	0	105	0	105	0	0	0	104	96
5:Full	80304	0	0	0	105	0	105	0	0	0	104	96
5:Full	80504	0	0	0	105	0	105	0	0	0	102	98
5:Full	80705	0	0	0	109	0	109	0	0	0	102	98
5:Full	80906	0	0	0	109	0	109	0	0	0	102	98
5:Full	81106	0	0	0	109	0	109	0	0	0	102	98
5:Full	81307	0	0	0	109	0	109	0	0	0	102	98
5:Full	81508	0	0	0	109	0	109	0	0	0	105	95
5:Full	81710	0	0	0	110	0	110	0	0	0	105	95
5:Full	81913	0	0	0	110	0	110	0	0	0	105	95
5:Full	82114	0	0	0	110	0	110	0	0	0	105	95
5:Full	82314	0	0	0	110	0	110	0	0	0	105	95
5:Full	82514	0	0	0	110	0	110	0	0	0	101	99
5:Full	82716	0	0	0	111	0	111	0	0	0	101	99
5:Full	82917	0	0	0	111	0	111	0	0	0	101	99
5:Full	83117	0	0	0	111	0	111	0	0	0	101	99
5:Full	83317	0	0	0	111	0	111	0	0	0	101	99
5:Full	83518	0	0	0	111	0	111	0	0	0	101	99
5:Full	83720	0	0	0	113	0	113	0	0	0	101	99
5:Full	83923	0	0	0	113	0	113	0	0	0	101	99
5:Full	84124	0	0	0	113	0	113	0	0	0	101	99
5:Full	84325	0	0	0	113	0	113	0	0	0	101	99
5:Full	84526	0	0	0	113	0	113	0	0	0	101	99
5:Full	84726	0	0	0	114	0	114	0	0	0	102	98
5:Full	84927	0	0	0	114	0	114	0	0	0	102	98
5:Full	85128	0	0	0	114	0	114	0	0	0	102	98
5:Full	85328	0	0	0	114	0	114	0	0	0	102	98
5:Full	85529	0	0	0	114	0	114	0	0	0	102	98
5:Full	85731	0	0	0	116	0	116	0	0	0	104	96
5:Full	85931	0	0	0	116	0	116	0	0	0	104	96
5:Full	86131	0	0	0	116	0	206	0	0	0	104	96
5:Full	86331	0	0	0	116	0	206	90	90	0	200	0
5:Full	86531	0	0	0	116	0	206	90	90	0	200	0
5:Full	86731	0	0	0	117	0	207	90	90	0	200	0
5:Full	86933	0	0	0	117	0	207	90	90	0	200	0
5:Full	87133	0	0	0	117	0	207	90	90	0	200	0
5:Full	87333	0	0	0	117	0	207	90	90	0	200	0
5:Full	87533	0	0	0	117	0	207	90	90	0	200	0
5:Full	87733	0	0	0	117	0	207	90	90	0	200	0
5:Full	87933	0	0	0	117	0	207	90	90	0	200	0
5:Full	88133	0	0	0	117	0	207	90	90	0	200	0
5:Full	88333	0	0	0	117	0	207	90	90	0	200	0
5:Full	88534	0	0	0	117	0	207	90	90	0	200	0
5:Full	88734	0	0	0	123	0	213	90	90	0	200	0
5:Full	88934	0	0	0	123	0	213	90	90	0	200	0
5:Full	89134	0	0	0	123	0	213	90	90	0	200	0
5:Full	89334	0	0	0	123	0	213	90	90	0	200	0
5:Full	89534	0	0	0	123	0	213	90	90	0	200	0
5:Full	89747	0	0	0	128	0	218	90	90	0	200	0
5:Full	89960	0	0	0	128	0	218	90	90	0	200	0
5:Full	90160	0	0	0	128	0	218	90	90	0	200	0
5:Full	90360	0	0	0	128	0	218	90	90	0	200	0
5:Full	90560	0	0	0	128	0	218	90	90	0	200	0
5:Full	90760	0	0	0	133	0	223	90	90	0	200	0
5:Full	90960	0	0	0	133	0	223	90	90	0	200	0
5:Full	91160	0	0	0	133	0	223	90	90	0	200	0
5:Full	91360	0	0	0	133	0	223	90	90	0	200	0
5:Full	91560	0	0	0	133	0	223	90	90	0	200	0
5:Full	91760	0	0	0	142	0	232	90	90	0	200	0
5:Full	91960	0	0	0	142	0	232	90	90	0	200	0
5:Full	92160	0	0	0	142	0	232	90	90	0	200	0
5:Full	92360	0	0	0	142	0	232	90	90	0	200	0
5:Full	92560	0	0	0	142	0	232	90	90	0	200	0
5:Full	92760	0	0	0	149	0	239	90	90	0	200	0
5:Full	92960	0	0	0	149	0	239	90	90	0	200	0
5:Full	93160	0	0	0	149	0	239	90	90	0	200	0
5:Full	93360	0	0	0	149	0	239	90	90	0	200	0
5:Full	93560	0	0	0	149	0	239	90	90	0	200	0
5:Full	93760	0	0	0	157	0	247	90	90	0	200	0
5:Full	93960	0	0	0	157	0	247	90	90	0	200	0
5:Full	94160	0	0	0	157	0	247	90	90	0	200	0
5:Full	94360	0	0	0	157	0	247	90	90	0	200	0
5:Full	94560	0	0	0	157	0	247	90	90	0	200	0
5:Full	94760	0	0	0	165	0	255	90	90	0	200	0
5:Full	94960	0	0	0	165	0	255	90	90	0	200	0
5:Full	95160	0	0	0	165	0	255	90	90	0	200	0
5:Full	95360	0	0	0	165	0	255	90	90	0	200	0
5:Full	95560	0	0	0	165	0	255	90	90	0	200	0
5:Full	95760	0	0	0	173	0	263	90	90	0	200	0
5:Full	95960	0	0	0	173	0	263	90	90	0	200	0
5:Full	96160	0	0	0	173	0	173	0	0	0	111	89
5:Full	96361	0	0	0	173	0	173	0	0	0	111	89
5:Full	96562	0	0	0	173	0	173	0	0	0	111	89
5:Full	96763	0	0	0	179	0	179	0	0	0	111	89
5:Full	96964	0	0	0	179	0	179	0	0	0	111	89
5:Full	97164	0	0	0	179	0	179	0	0	0	108	92
5:Full	97364	0	0	0	179	0	179	0	0	0	108	92
5:Full	97565	0	0	0	179	0	179	0	0	0	108	92
5:Full	97767	0	0	0	187	0	187	0	0	0	108	92
5:Full	97967	0	0	0	187	0	187	0	0	0	108	92
5:Full	98167	0	0	0	187	0	187	0	0	0	111	89
5:Full	98368	0	0	0	187	0	187	0	0	0	111	89
5:Full	98569	0	0	0	187	0	187	0	0	0	111	89
5:Full	98770	0	0	0	192	0	192	0	0	0	111	89
5:Full	98970	0	0	0	192	0	192	0	0	0	111	89
5:Full	99171	0	0	0	192	0	192	0	0	0	107	93
5:Full	99372	0	0	0	192	0	192	0	0	0	107	93
5:Full	99572	0	0	0	192	0	192	0	0	0	107	93
5:Full	99774	0	0	0	196	0	196	0	0	0	107	93
5:Full	99975	0	0	0	196	0	196	0	0	0	107	93
5:Full	100178	0	0	0	196	0	196	0	0	0	105	95
5:Full	100379	0	0	0	196	0	196	0	0	0	105	95
5:Full	100580	0	0	0	196	0	196	0	0	0	105	95
5:Full	100781	0	0	0	200	0	200	0	0	0	105	95
5:Full	100981	0	0	0	200	0	200	0	0	0	105	95
5:Full	101182	0	0	0	200	0	200	0	0	0	105	95
5:Full	101383	0	0	0	200	0	200	0	0	0	105	95
5:Full	101583	0	0	0	200	0	200	0	0	0	105	95
5:Full	101784	0	0	0	203	0	203	0	0	0	105	95
5:Full	101985	0	0	0	203	0	203	0	0	0	105	95
5:Full	102185	0	0	0	203	0	203	0	0	0	105	95
5:Full	102386	0	0	0	203	0	203	0	0	0	104	96
5:Full	102587	0	0	0	203	0	203	0	0	0	104	96
5:Full	102789	0	0	0	206	0	206	0	0	0	104	96
5:Full	102989	0	0	0	206	0	206	0	0	0	104	96
5:Full	103190	0	0	0	206	0	206	0	0	0	104	96
5:Full	103390	0	0	0	206	0	206	0	0	0	104	96
5:Full	103590	0	0	0	206	0	206	0	0	0	104	96
5:Full	103792	0	0	0	209	0	209	0	0	0	104	96
5:Full	103993	0	0	0	209	0	209	0	0	0	104	96
5:Full	104194	0	0	0	209	0	209	0	0	0	104	96
5:Full	104394	0	0	0	209	0	209	0	0	0	104	96
5:Full	104595	0	0	0	209	0	209	0	0	0	104	96
5:Full	104796	0	0	0	211	0	211	0	0	0	104	96
5:Full	104996	0	0	0	211	0	211	0	0	0	104	96
5:Full	105197	0	0	0	211	0	211	0	0	0	104	96
5:Full	105398	0	0	0	211	0	211	0	0	0	102	98
5:Full	105598	0	0	0	211	0	211	0	0	0	102	98
5:Full	105800	0	0	0	214	0	214	0	0	0	102	98
5:Full	106001	0	0	0	214	0	214	0	0	0	102	98
5:Full	106201	0	0	0	214	0	214	0	0	0	102	98
5:Full	106402	0	0	0	214	0	214	0	0	0	104	96
5:Full	106603	0	0	0	214	0	214	0	0	0	104	96
5:Full	106804	0	0	0	216	0	216	0	0	0	104	96
5:Full	107004	0	0	0	216	0	216	0	0	0	104	96
5:Full	107205	0	0	0	216	0	216	0	0	0	104	96
5:Full	107406	0	0	0	216	0	216	0	0	0	102	98
5:Full	107607	0	0	0	216	0	216	0	0	0	102	98
5:Full	107807	0	0	0	218	0	218	0	0	0	102	98
5:Full	108008	0	0	0	218	0	218	0	0	0	102	98
5:Full	108209	0	0	0	218	0	218	0	0	0	102	98
5:Full	108409	0	0	0	218	0	218	0	0	0	102	98
5:Full	108610	0	0	0	218	0	218	0	0	0	102	98
5:Full	108812	0	0	0	220	0	220	0	0	0	102	98
5:Full	109012	0	0	0	220	0	220	0	0	0	102	98
5:Full	109213	0	0	0	220	0	220	0	0	0	102	98
5:Full	109414	0	0	0	220	0	220	0	0	0	102	98
5:Full	109615	0	0	0	220	0	220	0	0	0	102	98
5:Full	109815	0	0	0	222	0	222	0	0	0	102	98
5:Full	110016	0	0	0	222	0	222	0	0	0	102	98
5:Full	110217	0	0	0	222	0	222	0	0	0	102	98
5:Full	110417	0	0	0	222	0	222	0	0	0	102	98
5:Full	110618	0	0	0	222	0	222	0	0	0	102	98
5:Full	110820	0	0	0	224	0	224	0	0	0	102	98
5:Full	111021	0	0	0	224	0	224	0	0	0	102	98
5:Full	111221	0	0	0	224	0	224	0	0	0	102	98
5:Full	111421	0	0	0	224	0	224	0	0	0	102	98
5:Full	111622	0	0	0	224	0	224	0	0	0	102	98
5:Full	111823	0	0	0	226	0	226	0	0	0	102	98
5:Full	112024	0	0	0	226	0	226	0	0	0	102	98
5:Full	112225	0	0	0	226	0	226	0	0	0	102	98
5:Full	112425	0	0	0	226	0	226	0	0	0	102	98
5:Full	112626	0	0	0	226	0	226	0	0	0	102	98
5:Full	112828	0	0	0	228	0	228	0	0	0	102	98
5:Full	113028	0	0	0	228	0	228	0	0	0	102	98
5:Full	113228	0	0	0	228	0	228	0	0	0	102	98
5:Full	113429	0	0	0	228	0	228	0	0	0	102	98
5:Full	113630	0	0	0	228	0	228	0	0	0	102	98
5:Full	113831	0	0	0	230	0	230	0	0	0	102	98
5:Full	114032	0	0	0	230	0	230	0	0	0	102	98
5:Full	114233	0	0	0	230	0	230	0	0	0	102	98
5:Full	114434	0	0	0	230	0	230	0	0	0	102	98
5:Full	114634	0	0	0	230	0	230	0	0	0	102	98
5:Full	114835	0	0	0	231	0	231	0	0	0	102	98
5:Full	115036	0	0	0	231	0	231	0	0	0	102	98
5:Full	115236	0	0	0	231	0	231	0	0	0	102	98
5:Full	115437	0	0	0	231	0	231	0	0	0	102	98
5:Full	115638	0	0	0	231	0	231	0	0	0	101	99
5:Full	115840	0	0	0	233	0	233	0	0	0	101	99
5:Full	116040	0	0	0	233	0	233	0	0	0	101	99
5:Full	116240	0	0	0	233	0	233	0	0	0	101	99
5:Full	116442	0	0	0	233	0	233	0	0	0	101	99
5:Full	116642	0	0	0	233	0	233	0	0	0	102	98
5:Full	116843	0	0	0	235	0	235	0	0	0	102	98
5:Full	117044	0	0	0	235	0	235	0	0	0	102	98
5:Full	117244	0	0	0	235	0	235	0	0	0	102	98
5:Full	117445	0	0	0	235	0	235	0	0	0	102	98
5:Full	117646	0	0	0	235	0	235	0	0	0	102	98
5:Full	117847	0	0	0	236	0	236	0	0	0	102	98
5:Full	118048	0	0	0	236	0	236	0	0	0	102	98
5:Full	118248	0	0	0	236	0	236	0	0	0	102	98
5:Full	118449	0	0	0	236	0	236	0	0	0	102	98
5:Full	118650	0	0	0	236	0	236	0	0	0	102	98
5:Full	118851	0	0	0	237	0	237	0	0	0	102	98
5:Full	119062	0	0	0	237	0	237	0	0	0	102	98
5:Full	119263	0	0	0	237	0	237	0	0	0	102	98
5:Full	119463	0	0	0	237	0	237	0	0	0	102	98
5:Full	119664	0	0	0	237	0	237	0	0	0	102	98
5:Full	119866	0	0	0	239	0	239	0	0	0	102	98
5:Full	120066	0	0	0	239	0	239	0	0	0	102	98
5:Full	120267	0	0	0	239	0	239	0	0	0	102	98
5:Full	120467	0	0	0	239	0	239	0	0	0	102	98
5:Full	120669	0	0	0	239	0	239	0	0	0	102	98
5:Full	120869	0	0	0	241	0	241	0	0	0	102	98
5:Full	121070	0	0	0	241	0	241	0	0	0	102	98
5:Full	121271	0	0	0	241	0	241	0	0	0	102	98
5:Full	121472	0	0	0	241	0	241	0	0	0	102	98
5:Full	121672	0	0	0	241	0	241	0	0	0	102	98
5:Full	121873	0	0	0	241	0	241	0	0	0	100	100
5:Full	122075	0	0	0	241	0	241	0	0	0	100	100
5:Full	122278	0	0	0	241	0	241	0	0	0	100	100
5:Full	122479	0	0	0	241	0	241	0	0	0	100	100
5:Full	122680	0	0	0	241	0	241	0	0	0	100	100
5:Full	122882	0	0	0	243	0	243	0	0	0	102	98
5:Full	123082	0	0	0	243	0	243	0	0	0	102	98
5:Full	123283	0	0	0	243	0	243	0	0	0	102	98
5:Full	123484	0	0	0	243	0	243	0	0	0	102	98
5:Full	123684	0	0	0	245	0	245	0	0	0	102	98
5:Full	123885	0	0	0	245	0	245	0	0	0	102	98
5:Full	124086	0	0	0	245	0	245	0	0	0	102	98
5:Full	124288	0	0	0	245	0	245	0	0	0	102	98
5:Full	124491	0	0	0	245	0	245	0	0	0	102	98
5:Full	124692	0	0	0	246	0	246	0	0	0	102	98
5:Full	124893	0	0	0	246	0	246	0	0	0	101	99
5:Full	125093	0	0	0	246	0	246	0	0	0	101	99
5:Full	125294	0	0	0	246	0	246	0	0	0	101	99
5:Full	125495	0	0	0	246	0	246	0	0	0	101	99
5:Full	125697	0	0	0	247	0	247	0	0	0	101	99
5:Full	125900	0	0	0	247	0	247	0	0	0	101	99
5:Full	126101	0	0	0	247	0	247	0	0	0	101	99
5:Full	126302	0	0	0	247	0	247	0	0	0	101	99
5:Full	126502	0	0	0	247	0	247	0	0	0	101	99
5:Full	126704	0	0	0	249	0	249	0	0	0	101	99
5:Full	126905	0	0	0	249	0	249	0	0	0	101	99
5:Full	127105	0	0	0	249	0	249	0	0	0	102	98
5:Full	127306	0	0	0	249	0	249	0	0	0	102	98
5:Full	127507	0	0	0	249	0	249	0	0	0	102	98
5:Full	127708	0	0	0	249	0	249	0	0	0	102	98
5:Full	127908	0	0	0	249	0	249	0	0	0	102	98
5:Full	128109	0	0	0	249	0	249	0	0	0	100	100
5:Full	128310	0	0	0	249	0	249	0	0	0	100	100
5:Full	128510	0	0	0	249	0	249	0	0	0	100	100
5:Full	128712	0	0	0	250	0	250	0	0	0	100	100
5:Full	128912	0	0	0	250	0	250	0	0	0	100	100
5:Full	129113	0	0	0	250	0	250	0	0	0	101	99
5:Full	129314	0	0	0	250	0	250	0	0	0	101	99
5:Full	129514	0	0	0	250	0	250	0	0	0	101	99
5:Full	129716	0	0	0	252	0	252	0	0	0	101	99
5:Full	129916	0	0	0	252	0	252	0	0	0	101	99
5:Full	130116	0	0	0	252	0	252	0	0	0	102	98
5:Full	130318	0	0	0	252	0	252	0	0	0	102	98
5:Full	130519	0	0	0	252	0	252	0	0	0	102	98
5:Full	130719	0	0	0	252	0	252	0	0	0	102	98
5:Full	130920	0	0	0	252	0	252	0	0	0	102	98
5:Full	131121	0	0	0	252	0	252	0	0	0	100	100
5:Full	131321	0	0	0	252	0	252	0	0	0	100	100
5:Full	131522	0	0	0	252	0	252	0	0	0	100	100
5:Full	131724	0	0	0	253	0	253	0	0	0	100	100
5:Full	131924	0	0	0	253	0	253	0	0	0	100	100
5:Full	132125	0	0	0	253	0	253	0	0	0	100	100
5:Full	132326	0	0	0	253	0	253	0	0	0	101	99
5:Full	132527	0	0	0	253	0	253	0	0	0	101	99
5:Full	132727	0	0	0	254	0	254	0	0	0	101	99
5:Full	132928	0	0	0	254	0	254	0	0	0	101	99
5:Full	133129	0	0	0	254	0	254	0	0	0	101	99
5:Full	133329	0	0	0	254	0	254	0	0	0	101	99
5:Full	133530	0	0	0	254	0	254	0	0	0	101	99
5:Full	133732	0	0	0	255	0	255	0	0	0	101	99
5:Full	133932	0	0	0	255	0	255	0	0	0	101	99
5:Full	134133	0	0	0	255	0	255	0	0	0	101	99
5:Full	134334	0	0	0	255	0	255	0	0	0	101	99
5:Full	134534	0	0	0	255	0	255	0	0	0	101	99
5:Full	134735	0	0	0	255	0	255	0	0	0	101	99
5:Full	134936	0	0	0	255	0	255	0	0	0	101	99
5:Full	135137	0	0	0	255	0	255	0	0	0	101	99
5:Full	135337	0	0	0	255	0	255	0	0	0	100	100
5:Full	135538	0	0	0	255	0	255	0	0	0	100	100
5:Full	135740	0	0	0	256	0	256	0	0	0	100	100
5:Full	135941	0	0	0	256	0	256	0	0	0	100	100
5:Full	136144	0	0	0	256	0	256	0	0	0	100	100
5:Full	136345	0	0	0	256	0	256	0	0	0	101	99
5:Full	136546	0	0	0	256	0	256	0	0	0	101	99
5:Full	136748	0	0	0	256	0	256	0	0	0	101	99
5:Full	136951	0	0	0	256	0	256	0	0	0	101	99
5:Full	137152	0	0	0	256	0	256	0	0	0	101	99
5:Full	137353	0	0	0	256	0	256	0	0	0	100	100
5:Full	137553	0	0	0	256	0	256	0	0	0	100	100
5:Full	137755	0	0	0	256	0	256	0	0	0	100	100
5:Full	137956	0	0	0	256	0	256	0	0	0	100	100
5:Full	138157	0	0	0	256	0	256	0	0	0	100	100
5:Full	138357	0	0	0	256	0	256	0	0	0	100	100
5:Full	138558	0	0	0	256	0	256	0	0	0	100	100
5:Full	138760	0	0	0	257	0	257	0	0	0	100	100
5:Full	138963	0	0	0	257	0	257	0	0	0	100	100
5:Full	139171	0	0	0	257	0	257	0	0	0	100	100
5:Full	139372	0	0	0	257	0	257	0	0	0	101	99
5:Full	139573	0	0	0	257	0	257	0	0	0	101	99
5:Full	139773	0	0	0	257	0	257	0	0	0	101	99
5:Full	139974	0	0	0	257	0	257	0	0	0	101	99
5:Full	140175	0	0	0	257	0	257	0	0	0	101	99
5:Full	140376	0	0	0	257	0	257	0	0	0	100	100
5:Full	140576	0	0	0	257	0	257	0	0	0	100	100
5:Full	140778	0	0	0	258	0	258	0	0	0	100	100
5:Full	140979	0	0	0	258	0	258	0	0	0	100	100
5:Full	141179	0	0	0	258	0	258	0	0	0	100	100
5:Full	141380	0	0	0	258	0	258	0	0	0	101	99
5:Full	141581	0	0	0	258	0	258	0	0	0	101	99
5:Full	141783	0	0	0	258	0	258	0	0	0	101	99
5:Full	141983	0	0	0	258	0	258	0	0	0	101	99
5:Full	142183	0	0	0	258	0	258	0	0	0	101	99
5:Full	142385	0	0	0	258	0	258	0	0	0	101	99
5:Full	142588	0	0	0	258	0	258	0	0	0	100	100
5:Full	142790	0	0	0	258	0	258	0	0	0	100	100
5:Full	142991	0	0	0	258	0	258	0	0	0	100	100
5:Full	143192	0	0	0	258	0	258	0	0	0	100	100
5:Full	143392	0	0	0	258	0	258	0	0	0	100	100
5:Full	143593	0	0	0	258	0	258	0	0	0	100	100
5:Full	143795	0	0	0	258	0	258	0	0	0	100	100
5:Full	143998	0	0	0	258	0	258	0	0	0	100	100
5:Full	144199	0	0	0	258	0	258	0	0	0	100	100
5:Full	144400	0	0	0	258	0	258	0	0	0	100	100
5:Full	144601	0	0	0	258	0	258	0	0	0	100	100
5:Full	144802	0	0	0	258	0	258	0	0	0	100	100
5:Full	145003	0	0	0	258	0	258	0	0	0	100	100
5:Full	145203	0	0	0	258	0	258	0	0	0	100	100
5:Full	145404	0	0	0	258	0	258	0	0	0	100	100
5:Full	145605	0	0	0	258	0	258	0	0	0	100	100
5:Full	145806	0	0	0	259	0	259	0	0	0	100	100
5:Full	146007	0	0	0	259	0	259	0	0	0	100	100
5:Full	146207	0	0	0	259	0	259	0	0	0	100	100
5:Full	146409	0	0	0	259	0	259	0	0	0	100	100
5:Full	146609	0	0	0	259	0	259	0	0	0	101	99
5:Full	146810	0	0	0	259	0	259	0	0	0	101	99
5:Full	147011	0	0	0	259	0	259	0	0	0	101	99
5:Full	147212	0	0	0	259	0	259	0	0	0	101	99
5:Full	147412	0	0	0	259	0	259	0	0	0	101	99
5:Full	147613	0	0	0	259	0	259	0	0	0	100	100
5:Full	147814	0	0	0	258	0	258	0	0	0	100	100
5:Full	148015	0	0	0	258	0	258	0	0	0	100	100
5:Full	148216	0	0	0	258	0	258	0	0	0	100	100
5:Full	148416	0	0	0	258	0	258	0	0	0	100	100
5:Full	148617	0	0	0	258	0	258	0	0	0	100	100
5:Full	148818	0	0	0	258	0	258	0	0	0	98	102
5:Full	149019	0	0	0	258	0	258	0	0	0	98	102
5:Full	149220	0	0	0	258	0	258	0	0	0	98	102
5:Full	149421	0	0	0	258	0	258	0	0	0	98	102
