Fri Jul 17 08:41:17 2015
It's time to go fishing with the Dailys!!
Setting up CAN0...
CAN0 init ok!!
K = 	4
I = 	9
D = 	23
BitShift K = 	2
BitShift I = 	7
BitShift D = 	4
#:Mode	Millis	Speed	Lat	Long	Head	Final	Goal	Diff	Sum	Drift	Left	Right
1:Man. 	6178	0	0	0	304	0	304	0	0	0	200	0
1:Man. 	6380	0	0	0	303	0	304	0	0	0	200	0
1:Man. 	6599	0	0	0	303	0	304	1	0	0	200	0
1:Man. 	6800	0	0	0	303	0	304	1	0	0	200	0
1:Man. 	7000	0	0	0	303	0	304	1	0	0	200	0
1:Man. 	7201	0	0	0	303	0	304	1	0	0	99	101
1:Man. 	7402	0	0	0	302	0	304	1	3	0	99	101
1:Man. 	7603	0	0	0	302	0	304	2	11	0	100	100
1:Man. 	7806	0	0	0	302	0	304	2	19	0	101	99
1:Man. 	8006	0	0	0	302	0	304	2	25	0	101	99
1:Man. 	8207	0	0	0	302	0	304	2	33	0	102	98
1:Man. 	8409	0	0	0	306	0	304	-2	37	0	98	102
1:Man. 	8609	0	0	0	306	0	304	-2	31	0	98	102
1:Man. 	8809	0	0	0	306	0	304	-2	23	0	97	103
1:Man. 	9010	0	0	0	306	0	304	-2	15	0	97	103
1:Man. 	9210	0	0	0	306	0	304	-2	7	0	96	104
1:Man. 	9411	0	0	0	308	0	304	-2	1	0	103	97
1:Man. 	9612	0	0	0	308	0	304	-4	-15	-1	99	101
1:Man. 	9812	0	0	0	308	0	304	-4	-31	-1	98	102
1:Man. 	10012	0	0	0	308	0	304	-4	-43	-1	97	103
1:Man. 	10213	0	0	0	308	0	304	-4	-59	-1	96	104
1:Man. 	10415	0	0	0	309	0	304	-5	-76	-1	91	109
1:Man. 	10617	0	0	0	309	0	304	-5	-91	-1	90	110
1:Man. 	10818	0	0	0	309	0	304	-5	-111	-1	89	111
1:Man. 	11020	0	0	0	309	0	304	-5	-131	-2	87	113
1:Man. 	11220	0	0	0	309	0	304	-5	-151	-2	86	114
1:Man. 	11421	0	0	0	310	0	304	-5	-166	-2	84	116
1:Man. 	11622	0	0	0	310	0	304	-6	-190	-2	81	119
1:Man. 	11823	0	0	0	310	0	304	-6	-214	-2	79	121
1:Man. 	12023	0	0	0	310	0	304	-6	-238	-2	78	122
1:Man. 	12224	0	0	0	310	0	304	-6	-256	-2	77	123
1:Man. 	12425	0	0	0	310	0	304	-6	-280	-3	75	125
1:Man. 	12636	0	0	0	310	0	304	-6	-304	-3	73	127
1:Man. 	12836	0	0	0	310	0	304	-6	-328	-3	71	129
1:Man. 	13037	0	0	0	310	0	304	-6	-352	-3	70	130
1:Man. 	13239	0	0	0	310	0	304	-6	-376	-3	68	132
1:Man. 	13442	0	0	0	310	0	304	-6	-394	-4	66	134
1:Man. 	13643	0	0	0	310	0	304	-6	-418	-4	64	136
1:Man. 	13844	0	0	0	310	0	304	-6	-442	-4	62	138
1:Man. 	14044	0	0	0	310	0	304	-6	-460	-4	61	139
1:Man. 	14244	0	0	0	310	0	304	-6	-484	-4	59	141
1:Man. 	14446	0	0	0	310	0	304	-6	-508	-4	58	142
1:Man. 	14647	0	0	0	310	0	304	-6	-526	-5	57	143
1:Man. 	14848	0	0	0	310	0	304	-6	-550	-5	55	145
1:Man. 	15048	0	0	0	310	0	304	-6	-574	-5	53	147
1:Man. 	15249	0	0	0	310	0	304	-6	-592	-5	52	148
1:Man. 	15450	0	0	0	307	0	304	-3	-613	-5	48	152
1:Man. 	15650	0	0	0	307	0	304	-3	-625	-5	48	152
1:Man. 	15852	0	0	0	307	0	304	-3	-637	-5	47	153
1:Man. 	16052	0	0	0	307	0	304	-3	-646	-6	46	154
1:Man. 	16252	0	0	0	307	0	304	-3	-658	-6	45	155
1:Man. 	16454	0	0	0	304	0	304	0	-667	-6	48	152
1:Man. 	16655	0	0	0	304	0	304	0	-667	-6	48	152
1:Man. 	16855	0	0	0	304	0	304	0	-667	-6	48	152
1:Man. 	17055	0	0	0	304	0	304	0	-667	-6	48	152
1:Man. 	17256	0	0	0	304	0	304	0	-667	-6	48	152
1:Man. 	17457	0	0	0	300	0	304	4	-663	-6	52	148
1:Man. 	17658	0	0	0	300	0	304	4	-647	-6	52	148
1:Man. 	17858	0	0	0	300	0	304	4	-635	-5	53	147
1:Man. 	18059	0	0	0	300	0	304	4	-619	-5	54	146
1:Man. 	18259	0	0	0	300	0	304	4	-603	-5	55	145
1:Man. 	18461	0	0	0	296	0	304	8	-583	-5	61	139
1:Man. 	18661	0	0	0	296	0	304	8	-559	-5	62	138
1:Man. 	18862	0	0	0	296	0	304	8	-527	-5	64	136
1:Man. 	19063	0	0	0	296	0	304	8	-495	-4	67	133
1:Man. 	19264	0	0	0	296	0	304	8	-463	-4	69	131
1:Man. 	19465	0	0	0	292	0	304	12	-423	-4	76	124
1:Man. 	19665	0	0	0	292	0	304	12	-387	-4	78	122
1:Man. 	19866	0	0	0	292	0	304	12	-339	-3	82	118
1:Man. 	20067	0	0	0	292	0	304	12	-291	-3	85	115
1:Man. 	20268	0	0	0	292	0	304	12	-243	-2	88	112
1:Man. 	20469	0	0	0	288	0	304	12	-207	-2	91	109
1:Man. 	20669	0	0	0	288	0	304	16	-143	-2	99	101
1:Man. 	20871	0	0	0	288	0	304	16	-79	-1	104	96
1:Man. 	21074	0	0	0	288	0	304	16	-31	-1	107	93
1:Man. 	21275	0	0	0	288	0	304	16	33	0	112	88
1:Man. 	21476	0	0	0	283	0	304	21	107	0	122	78
1:Man. 	21677	0	0	0	283	0	304	21	170	1	124	76
1:Man. 	21877	0	0	0	283	0	304	21	254	1	130	70
1:Man. 	22078	0	0	0	283	0	304	21	338	2	136	64
1:Man. 	22279	0	0	0	283	0	304	21	422	3	142	58
1:Man. 	22480	0	0	0	279	0	304	25	489	3	151	49
1:Man. 	22694	0	0	0	279	0	304	25	589	4	160	40
1:Man. 	22894	0	0	0	279	0	304	25	689	5	167	33
1:Man. 	23096	0	0	0	279	0	304	25	789	6	174	26
1:Man. 	23297	0	0	0	279	0	304	25	889	6	181	19
1:Man. 	23497	0	0	0	278	0	304	26	991	7	189	11
1:Man. 	23698	0	0	0	278	0	304	26	1069	8	199	1
1:Man. 	23898	0	0	0	278	0	304	26	1095	8	200	0
1:Man. 	24099	0	0	0	278	0	304	26	1095	8	200	0
1:Man. 	24299	0	0	0	278	0	304	26	1095	8	200	0
1:Man. 	24499	0	0	0	277	0	304	27	1095	8	200	0
1:Man. 	24701	0	0	0	277	0	304	27	1095	8	200	0
1:Man. 	24903	0	0	0	277	0	304	27	1095	8	200	0
1:Man. 	25103	0	0	0	277	0	304	27	1095	8	200	0
1:Man. 	25305	0	0	0	277	0	304	27	1095	8	200	0
1:Man. 	25507	0	0	0	280	0	304	24	1119	8	200	0
1:Man. 	25707	0	0	0	280	0	304	24	1119	8	200	0
1:Man. 	25910	0	0	0	280	0	304	24	1119	8	200	0
1:Man. 	26112	0	0	0	280	0	304	24	1119	8	200	0
1:Man. 	26314	0	0	0	280	0	304	24	1119	8	200	0
1:Man. 	26514	0	0	0	283	0	304	21	1119	8	200	0
1:Man. 	26723	0	0	0	283	0	304	21	1119	8	200	0
1:Man. 	26925	0	0	0	283	0	304	21	1119	8	200	0
1:Man. 	27127	0	0	0	283	0	304	21	1119	8	200	0
1:Man. 	27327	0	0	0	283	0	304	21	1119	8	200	0
1:Man. 	27527	0	0	0	291	0	304	13	1132	8	196	4
1:Man. 	27727	0	0	0	291	0	304	13	1184	9	200	0
1:Man. 	27929	0	0	0	291	0	304	13	1184	9	200	0
1:Man. 	28131	0	0	0	291	0	304	13	1184	9	200	0
1:Man. 	28331	0	0	0	291	0	304	13	1184	9	200	0
1:Man. 	28534	0	0	0	297	0	304	7	1184	9	200	0
1:Man. 	28736	0	0	0	297	0	304	7	1184	9	198	2
1:Man. 	28936	0	0	0	297	0	304	7	1205	9	199	1
1:Man. 	29139	0	0	0	297	0	304	7	1212	9	200	0
1:Man. 	29341	0	0	0	297	0	304	7	1212	9	200	0
1:Man. 	29542	0	0	0	303	0	304	1	1214	9	194	6
1:Man. 	29742	0	0	0	303	0	304	1	1217	9	194	6
1:Man. 	29943	0	0	0	303	0	304	1	1221	9	194	6
1:Man. 	30143	0	0	0	303	0	304	1	1225	9	195	5
1:Man. 	30344	0	0	0	303	0	304	1	1229	9	195	5
1:Man. 	30545	0	0	0	310	0	304	-6	1218	9	187	13
1:Man. 	30752	0	0	0	310	0	304	-6	1194	9	185	15
1:Man. 	30953	0	0	0	310	0	304	-6	1170	9	186	14
1:Man. 	31154	0	0	0	310	0	304	-6	1146	8	184	16
1:Man. 	31354	0	0	0	310	0	304	-6	1128	8	183	17
1:Man. 	31556	0	0	0	319	0	304	-15	1086	8	171	29
1:Man. 	31757	0	0	0	319	0	304	-15	1026	8	167	33
1:Man. 	31958	0	0	0	319	0	304	-15	966	7	164	36
1:Man. 	32161	0	0	0	319	0	304	-15	921	7	161	39
1:Man. 	32362	0	0	0	319	0	304	-15	861	6	157	43
1:Man. 	32564	0	0	0	327	0	304	-23	777	6	143	57
1:Man. 	32764	0	0	0	327	0	304	-23	685	5	137	63
1:Man. 	32964	0	0	0	327	0	304	-23	616	4	131	69
1:Man. 	33166	0	0	0	327	0	304	-23	524	4	124	76
1:Man. 	33367	0	0	0	327	0	304	-23	432	3	118	82
1:Man. 	33567	0	0	0	334	0	304	-30	319	2	103	97
1:Man. 	33768	0	0	0	334	0	304	-30	229	1	97	103
1:Man. 	33969	0	0	0	334	0	304	-30	109	0	87	113
1:Man. 	34169	0	0	0	334	0	304	-30	-16	-1	78	122
1:Man. 	34370	0	0	0	334	0	304	-30	-144	-2	69	131
1:Man. 	34572	0	0	0	341	0	304	-37	-254	-2	55	145
1:Man. 	34779	0	0	0	341	0	304	-37	-410	-4	44	156
1:Man. 	34979	0	0	0	341	0	304	-37	-566	-5	33	167
1:Man. 	35180	0	0	0	341	0	304	-37	-714	-6	22	178
1:Man. 	35381	0	0	0	341	0	304	-37	-819	-7	15	185
1:Man. 	35582	0	0	0	346	0	304	-42	-974	-8	0	200
1:Man. 	35784	0	0	0	346	0	304	-42	-974	-8	0	200
1:Man. 	35984	0	0	0	346	0	304	-42	-974	-8	0	200
1:Man. 	36186	0	0	0	346	0	304	-42	-974	-8	0	200
1:Man. 	36388	0	0	0	346	0	304	-42	-974	-8	0	200
1:Man. 	36588	0	0	0	348	0	304	-44	-974	-8	0	200
1:Man. 	36791	0	0	0	348	0	304	-44	-974	-8	0	200
1:Man. 	36993	0	0	0	348	0	304	-44	-974	-8	0	200
1:Man. 	37194	0	0	0	348	0	304	-44	-974	-8	0	200
1:Man. 	37394	0	0	0	348	0	304	-44	-974	-8	0	200
1:Man. 	37594	0	0	0	347	0	304	-43	-974	-8	0	200
1:Man. 	37795	0	0	0	347	0	304	-43	-974	-8	0	200
1:Man. 	37995	0	0	0	347	0	304	-43	-974	-8	0	200
1:Man. 	38197	0	0	0	347	0	304	-43	-974	-8	0	200
1:Man. 	38400	0	0	0	347	0	304	-43	-974	-8	0	200
1:Man. 	38602	0	0	0	346	0	304	-42	-974	-8	0	200
1:Man. 	38802	0	0	0	346	0	304	-42	-974	-8	0	200
1:Man. 	39004	0	0	0	346	0	304	-42	-974	-8	0	200
1:Man. 	39205	0	0	0	346	0	304	-42	-974	-8	0	200
1:Man. 	39405	0	0	0	346	0	304	-42	-974	-8	0	200
1:Man. 	39605	0	0	0	342	0	304	-38	-974	-8	0	200
1:Man. 	39806	0	0	0	342	0	304	-38	-974	-8	0	200
1:Man. 	40006	0	0	0	342	0	304	-38	-974	-8	0	200
1:Man. 	40215	0	0	0	342	0	304	-38	-974	-8	0	200
1:Man. 	40417	0	0	0	342	0	304	-38	-974	-8	0	200
1:Man. 	40621	0	0	0	336	0	304	-32	-974	-8	0	200
1:Man. 	40822	0	0	0	336	0	304	-32	-974	-8	0	200
1:Man. 	41025	0	0	0	336	0	304	-32	-974	-8	0	200
1:Man. 	41227	0	0	0	336	0	304	-32	-974	-8	0	200
1:Man. 	41430	0	0	0	336	0	304	-32	-974	-8	0	200
1:Man. 	41632	0	0	0	328	0	304	-24	-974	-8	0	200
1:Man. 	41835	0	0	0	328	0	304	-24	-974	-8	0	200
1:Man. 	42037	0	0	0	328	0	304	-24	-974	-8	0	200
1:Man. 	42240	0	0	0	328	0	304	-24	-974	-8	0	200
1:Man. 	42441	0	0	0	328	0	304	-24	-974	-8	0	200
1:Man. 	42642	0	0	0	319	0	304	-15	-1000	-8	2	198
1:Man. 	42843	0	0	0	319	0	304	-15	-1026	-9	0	200
1:Man. 	43044	0	0	0	319	0	304	-15	-1026	-9	0	200
1:Man. 	43247	0	0	0	319	0	304	-15	-1026	-9	0	200
1:Man. 	43449	0	0	0	319	0	304	-15	-1026	-9	0	200
1:Man. 	43654	0	0	0	308	0	304	-4	-1030	-9	10	190
1:Man. 	43856	0	0	0	308	0	304	-4	-1038	-9	10	190
1:Man. 	44058	0	0	0	308	0	304	-4	-1038	-9	7	193
1:Man. 	44259	0	0	0	308	0	304	-4	-1038	-9	7	193
1:Man. 	44459	0	0	0	308	0	304	-4	-1038	-9	7	193
1:Man. 	44660	0	0	0	298	0	304	6	-1008	-8	19	181
1:Man. 	44861	0	0	0	298	0	304	6	-967	-8	22	178
1:Man. 	45062	0	0	0	298	0	304	6	-934	-8	24	176
1:Man. 	45262	0	0	0	298	0	304	6	-890	-7	28	172
1:Man. 	45464	0	0	0	288	0	304	6	-846	-7	31	169
1:Man. 	45671	0	0	0	288	0	304	16	-783	-7	45	155
1:Man. 	45872	0	0	0	288	0	304	16	-699	-6	51	149
1:Man. 	46072	0	0	0	288	0	304	16	-611	-5	58	142
1:Man. 	46273	0	0	0	288	0	304	16	-545	-5	62	138
1:Man. 	46474	0	0	0	278	0	304	16	-457	-4	68	132
1:Man. 	46674	0	0	0	278	0	304	26	-329	-3	87	113
1:Man. 	46876	0	0	0	278	0	304	26	-201	-2	96	104
1:Man. 	47076	0	0	0	278	0	304	26	-105	-1	103	97
1:Man. 	47277	0	0	0	278	0	304	26	23	0	112	88
1:Man. 	47478	0	0	0	271	0	304	26	151	1	121	79
1:Man. 	47685	0	0	0	271	0	304	33	268	2	136	64
1:Man. 	47886	0	0	0	271	0	304	33	424	3	147	53
1:Man. 	48087	0	0	0	271	0	304	33	580	4	158	42
1:Man. 	48287	0	0	0	271	0	304	33	697	5	171	29
1:Man. 	48488	0	0	0	267	0	304	33	853	6	181	19
1:Man. 	48690	0	0	0	267	0	304	37	1025	8	198	2
1:Man. 	48892	0	0	0	267	0	304	37	1068	8	200	0
1:Man. 	49094	0	0	0	267	0	304	37	1068	8	200	0
1:Man. 	49297	0	0	0	267	0	304	37	1068	8	200	0
1:Man. 	49497	0	0	0	263	0	304	41	1068	8	200	0
1:Man. 	49699	0	0	0	263	0	304	41	1068	8	200	0
1:Man. 	49901	0	0	0	263	0	304	41	1068	8	200	0
1:Man. 	50104	0	0	0	263	0	304	41	1068	8	200	0
1:Man. 	50306	0	0	0	263	0	304	41	1068	8	200	0
1:Man. 	50508	0	0	0	261	0	304	43	1068	8	200	0
1:Man. 	50708	0	0	0	261	0	304	43	1068	8	200	0
1:Man. 	50910	0	0	0	261	0	304	43	1068	8	200	0
1:Man. 	51120	0	0	0	261	0	304	43	1068	8	200	0
1:Man. 	51321	0	0	0	261	0	304	43	1068	8	200	0
1:Man. 	51521	0	0	0	262	0	304	42	1068	8	200	0
1:Man. 	51724	0	0	0	262	0	304	42	1068	8	200	0
1:Man. 	51926	0	0	0	262	0	304	42	1068	8	200	0
1:Man. 	52128	0	0	0	262	0	304	42	1068	8	200	0
1:Man. 	52330	0	0	0	262	0	304	42	1068	8	200	0
1:Man. 	52530	0	0	0	265	0	304	39	1068	8	200	0
1:Man. 	52732	0	0	0	265	0	304	39	1068	8	200	0
1:Man. 	52934	0	0	0	265	0	304	39	1068	8	200	0
1:Man. 	53134	0	0	0	265	0	304	39	1068	8	200	0
1:Man. 	53336	0	0	0	265	0	304	39	1068	8	200	0
1:Man. 	53539	0	0	0	268	0	304	36	1068	8	200	0
1:Man. 	53741	0	0	0	268	0	304	36	1068	8	200	0
1:Man. 	53943	0	0	0	268	0	304	36	1068	8	200	0
1:Man. 	54146	0	0	0	268	0	304	36	1068	8	200	0
1:Man. 	54348	0	0	0	268	0	304	36	1068	8	200	0
1:Man. 	54552	0	0	0	271	0	304	33	1068	8	200	0
1:Man. 	54753	0	0	0	271	0	304	33	1068	8	200	0
1:Man. 	54956	0	0	0	271	0	304	33	1068	8	200	0
1:Man. 	55158	0	0	0	271	0	304	33	1068	8	200	0
1:Man. 	55360	0	0	0	271	0	304	33	1068	8	200	0
1:Man. 	55561	0	0	0	275	0	304	29	1068	8	200	0
1:Man. 	55762	0	0	0	275	0	304	29	1068	8	200	0
1:Man. 	55964	0	0	0	275	0	304	29	1068	8	200	0
1:Man. 	56164	0	0	0	275	0	304	29	1068	8	200	0
1:Man. 	56367	0	0	0	275	0	304	29	1068	8	200	0
1:Man. 	56569	0	0	0	281	0	304	23	1068	8	200	0
1:Man. 	56771	0	0	0	281	0	304	23	1068	8	200	0
1:Man. 	56971	0	0	0	281	0	304	23	1068	8	200	0
1:Man. 	57174	0	0	0	281	0	304	23	1068	8	200	0
1:Man. 	57375	0	0	0	281	0	304	23	1068	8	200	0
1:Man. 	57575	0	0	0	287	0	304	17	1068	8	200	0
1:Man. 	57778	0	0	0	287	0	304	17	1068	8	200	0
1:Man. 	57979	0	0	0	287	0	304	17	1068	8	200	0
1:Man. 	58182	0	0	0	287	0	304	17	1068	8	200	0
1:Man. 	58384	0	0	0	287	0	304	17	1068	8	200	0
1:Man. 	58585	0	0	0	294	0	304	10	1084	8	194	6
1:Man. 	58788	0	0	0	294	0	304	10	1148	8	198	2
1:Man. 	58988	0	0	0	294	0	304	10	1180	9	200	0
1:Man. 	59188	0	0	0	294	0	304	10	1180	9	200	0
1:Man. 	59389	0	0	0	294	0	304	10	1180	9	200	0
1:Man. 	59590	0	0	0	301	0	304	3	1189	9	196	4
1:Man. 	59790	0	0	0	301	0	304	3	1216	9	198	2
1:Man. 	59998	0	0	0	301	0	304	3	1243	9	200	0
1:Man. 	60199	0	0	0	301	0	304	3	1243	9	200	0
1:Man. 	60401	0	0	0	301	0	304	3	1243	9	200	0
1:Man. 	60602	0	0	0	310	0	304	-6	1243	9	191	9
1:Man. 	60802	0	0	0	310	0	304	-6	1243	9	191	9
1:Man. 	61002	0	0	0	310	0	304	-6	1240	9	191	9
1:Man. 	61204	0	0	0	310	0	304	-6	1228	9	190	10
1:Man. 	61404	0	0	0	310	0	304	-6	1219	9	189	11
1:Man. 	61605	0	0	0	319	0	304	-15	1189	9	180	20
1:Man. 	61806	0	0	0	319	0	304	-15	1141	8	177	23
1:Man. 	62013	0	0	0	319	0	304	-15	1105	8	174	26
1:Man. 	62214	0	0	0	319	0	304	-15	1045	8	170	30
1:Man. 	62414	0	0	0	319	0	304	-15	985	7	166	34
1:Man. 	62616	0	0	0	331	0	304	-27	889	6	147	53
1:Man. 	62816	0	0	0	331	0	304	-27	808	6	141	59
1:Man. 	63017	0	0	0	331	0	304	-27	696	5	133	67
1:Man. 	63218	0	0	0	331	0	304	-27	572	4	125	75
1:Man. 	63418	0	0	0	331	0	304	-27	479	3	118	82
1:Man. 	63620	0	0	0	340	0	304	-36	337	2	104	96
1:Man. 	63820	0	0	0	340	0	304	-36	177	1	93	107
1:Man. 	64028	0	0	0	340	0	304	-36	57	0	85	115
1:Man. 	64228	0	0	0	340	0	304	-36	-119	-1	72	128
1:Man. 	64430	0	0	0	340	0	304	-36	-295	-3	60	140
1:Man. 	64630	0	0	0	349	0	304	-45	-445	-4	48	152
1:Man. 	64831	0	0	0	349	0	304	-45	-657	-6	33	167
1:Man. 	65032	0	0	0	349	0	304	-45	-873	-7	18	182
1:Man. 	65232	0	0	0	349	0	304	-45	-1101	-9	2	198
1:Man. 	65432	0	0	0	349	0	304	-45	-1158	-10	0	200
1:Man. 	65632	0	0	0	354	0	304	-50	-1158	-10	0	200
1:Man. 	65835	0	0	0	354	0	304	-50	-1158	-10	0	200
1:Man. 	66037	0	0	0	354	0	304	-50	-1158	-10	0	200
1:Man. 	66239	0	0	0	354	0	304	-50	-1158	-10	0	200
1:Man. 	66439	0	0	0	354	0	304	-50	-1158	-10	0	200
1:Man. 	66641	0	0	0	359	0	304	-55	-1158	-10	0	200
1:Man. 	66843	0	0	0	359	0	304	-55	-1158	-10	0	200
1:Man. 	67043	0	0	0	359	0	304	-55	-1158	-10	0	200
1:Man. 	67243	0	0	0	359	0	304	-55	-1158	-10	0	200
1:Man. 	67454	0	0	0	359	0	304	-55	-1158	-10	0	200
1:Man. 	67654	0	0	0	1	0	304	-57	-1158	-10	0	200
1:Man. 	67856	0	0	0	1	0	304	-57	-1158	-10	0	200
1:Man. 	68056	0	0	0	1	0	304	-57	-1158	-10	0	200
1:Man. 	68257	0	0	0	1	0	304	-57	-1158	-10	0	200
1:Man. 	68457	0	0	0	1	0	304	-57	-1158	-10	0	200
1:Man. 	68657	0	0	0	1	0	304	-57	-1158	-10	0	200
1:Man. 	68858	0	0	0	1	0	304	-57	-1158	-10	0	200
1:Man. 	69061	0	0	0	1	0	304	-57	-1158	-10	0	200
1:Man. 	69263	0	0	0	1	0	304	-57	-1158	-10	0	200
1:Man. 	69473	0	0	0	1	0	304	-57	-1158	-10	0	200
1:Man. 	69675	0	0	0	0	0	304	-56	-1158	-10	0	200
1:Man. 	69877	0	0	0	0	0	304	-56	-1158	-10	0	200
1:Man. 	70077	0	0	0	0	0	304	-56	-1158	-10	0	200
1:Man. 	70279	0	0	0	0	0	304	-56	-1158	-10	0	200
1:Man. 	70480	0	0	0	0	0	304	-56	-1158	-10	0	200
1:Man. 	70681	0	0	0	355	0	304	-51	-1158	-10	0	200
1:Man. 	70883	0	0	0	355	0	304	-51	-1158	-10	200	0
1:Man. 	71086	0	0	0	355	0	304	-51	-1158	-10	200	0
1:Man. 	71288	0	0	0	355	0	304	-51	-1158	-10	200	0
1:Man. 	71491	0	0	0	355	0	304	-51	-1158	-10	200	0
1:Man. 	71693	0	0	0	351	0	304	-47	-1158	-10	200	0
1:Man. 	71896	0	0	0	351	0	304	-47	-1158	-10	0	200
1:Man. 	72098	0	0	0	351	0	304	-47	-1158	-10	0	200
1:Man. 	72300	0	0	0	351	0	304	-47	-1158	-10	0	200
1:Man. 	72500	0	0	0	351	0	304	-47	-1158	-10	0	200
1:Man. 	72702	0	0	0	347	0	304	-43	-1158	-10	0	200
1:Man. 	72912	0	0	0	347	0	304	-43	-1158	-10	0	200
1:Man. 	73114	0	0	0	347	0	304	-43	-1158	-10	0	200
1:Man. 	73314	0	0	0	347	0	304	-43	-1158	-10	0	200
1:Man. 	73517	0	0	0	347	0	304	-43	-1158	-10	0	200
1:Man. 	73718	0	0	0	347	0	304	-43	-1158	-10	0	200
1:Man. 	73918	0	0	0	347	0	304	-43	-1158	-10	0	200
1:Man. 	74118	0	0	0	347	0	304	-43	-1158	-10	0	200
1:Man. 	74319	0	0	0	347	0	304	-43	-1158	-10	0	200
1:Man. 	74519	0	0	0	347	0	304	-43	-1158	-10	0	200
1:Man. 	74719	0	0	0	342	0	304	-38	-1158	-10	0	200
1:Man. 	74921	0	0	0	342	0	304	-38	-1158	-10	0	200
1:Man. 	75123	0	0	0	342	0	304	-38	-1158	-10	0	200
1:Man. 	75323	0	0	0	342	0	304	-38	-1158	-10	0	200
1:Man. 	75526	0	0	0	342	0	304	-38	-1158	-10	0	200
1:Man. 	75727	0	0	0	336	0	304	-32	-1158	-10	0	200
1:Man. 	75927	0	0	0	336	0	304	-32	-1158	-10	0	200
1:Man. 	76127	0	0	0	336	0	304	-32	-1158	-10	0	200
1:Man. 	76328	0	0	0	336	0	304	-32	-1158	-10	0	200
1:Man. 	76528	0	0	0	336	0	304	-32	-1158	-10	0	200
1:Man. 	76728	0	0	0	329	0	304	-25	-1158	-10	0	200
1:Man. 	76940	0	0	0	329	0	304	-25	-1158	-10	0	200
1:Man. 	77143	0	0	0	329	0	304	-25	-1158	-10	0	200
1:Man. 	77344	0	0	0	329	0	304	-25	-1158	-10	0	200
1:Man. 	77545	0	0	0	319	0	304	-15	-1158	-10	0	200
1:Man. 	77747	0	0	0	319	0	304	-15	-1158	-10	0	200
1:Man. 	77949	0	0	0	319	0	304	-15	-1158	-10	0	200
1:Man. 	78149	0	0	0	319	0	304	-15	-1158	-10	0	200
1:Man. 	78351	0	0	0	319	0	304	-15	-1158	-10	0	200
1:Man. 	78551	0	0	0	309	0	304	-15	-1158	-10	0	200
1:Man. 	78753	0	0	0	309	0	304	-5	-1158	-10	0	200
1:Man. 	78953	0	0	0	309	0	304	-5	-1158	-10	0	200
1:Man. 	79155	0	0	0	309	0	304	-5	-1158	-10	0	200
1:Man. 	79357	0	0	0	309	0	304	-5	-1158	-10	0	200
1:Man. 	79557	0	0	0	300	0	304	-5	-1158	-10	0	200
1:Man. 	79757	0	0	0	300	0	304	4	-1182	-10	5	195
1:Man. 	79958	0	0	0	300	0	304	4	-1206	-10	6	194
1:Man. 	80158	0	0	0	300	0	304	4	-1238	-10	3	197
1:Man. 	80359	0	0	0	300	0	304	4	-1270	-10	1	199
1:Man. 	80560	0	0	0	291	0	304	13	-1282	-11	9	191
1:Man. 	80763	0	0	0	291	0	304	13	-1291	-11	9	191
1:Man. 	80967	0	0	0	291	0	304	13	-1303	-11	8	192
1:Man. 	81168	0	0	0	291	0	304	13	-1315	-11	7	193
1:Man. 	81369	0	0	0	291	0	304	13	-1327	-11	6	194
1:Man. 	81570	0	0	0	281	0	304	23	-1344	-11	15	185
1:Man. 	81771	0	0	0	281	0	304	23	-1338	-11	15	185
1:Man. 	81972	0	0	0	281	0	304	23	-1330	-11	14	186
1:Man. 	82172	0	0	0	281	0	304	23	-1322	-11	15	185
1:Man. 	82373	0	0	0	281	0	304	23	-1316	-11	15	185
1:Man. 	82575	0	0	0	272	0	304	23	-1316	-11	15	185
1:Man. 	82776	0	0	0	272	0	304	32	-1288	-11	26	174
1:Man. 	82983	0	0	0	272	0	304	32	-1267	-10	27	173
1:Man. 	83183	0	0	0	272	0	304	32	-1239	-10	31	169
1:Man. 	83385	0	0	0	272	0	304	32	-1211	-10	33	167
1:Man. 	83587	0	0	0	263	0	304	41	-1176	-10	45	155
1:Man. 	83789	0	0	0	263	0	304	41	-1131	-9	48	152
1:Man. 	83991	0	0	0	263	0	304	41	-1043	-9	54	146
1:Man. 	84192	0	0	0	263	0	304	41	-925	-8	62	138
1:Man. 	84395	0	0	0	263	0	304	41	-823	-7	70	130
1:Man. 	84596	0	0	0	256	0	304	48	-656	-6	88	112
1:Man. 	84797	0	0	0	256	0	304	48	-468	-4	102	98
1:Man. 	84999	0	0	0	256	0	304	48	-280	-3	115	85
1:Man. 	85201	0	0	0	256	0	304	48	-139	-2	127	73
1:Man. 	85403	0	0	0	256	0	304	48	56	0	140	60
1:Man. 	85604	0	0	0	250	0	304	54	278	2	162	38
1:Man. 	85805	0	0	0	250	0	304	54	518	4	179	21
1:Man. 	86005	0	0	0	250	0	304	54	758	5	196	4
1:Man. 	86205	0	0	0	250	0	304	54	818	6	200	0
1:Man. 	86414	0	0	0	250	0	304	54	818	6	200	0
1:Man. 	86614	0	0	0	246	0	304	58	818	6	200	0
1:Man. 	86816	0	0	0	246	0	304	58	818	6	200	0
1:Man. 	87018	0	0	0	246	0	304	58	818	6	200	0
1:Man. 	87220	0	0	0	246	0	304	58	818	6	200	0
1:Man. 	87422	0	0	0	246	0	304	58	818	6	200	0
1:Man. 	87622	0	0	0	245	0	304	59	818	6	200	0
1:Man. 	87824	0	0	0	245	0	304	59	818	6	200	0
1:Man. 	88024	0	0	0	245	0	304	59	818	6	200	0
1:Man. 	88225	0	0	0	245	0	304	59	818	6	200	0
1:Man. 	88425	0	0	0	245	0	304	59	818	6	200	0
1:Man. 	88628	0	0	0	245	0	304	59	818	6	200	0
1:Man. 	88829	0	0	0	245	0	304	59	818	6	200	0
1:Man. 	89029	0	0	0	245	0	304	59	818	6	200	0
1:Man. 	89231	0	0	0	245	0	304	59	818	6	200	0
1:Man. 	89431	0	0	0	245	0	304	59	818	6	200	0
1:Man. 	89633	0	0	0	246	0	304	58	818	6	200	0
1:Man. 	89835	0	0	0	246	0	304	58	818	6	200	0
1:Man. 	90038	0	0	0	246	0	304	58	818	6	200	0
1:Man. 	90240	0	0	0	246	0	304	58	818	6	200	0
1:Man. 	90442	0	0	0	246	0	304	58	818	6	200	0
1:Man. 	90642	0	0	0	248	0	304	56	818	6	200	0
1:Man. 	90844	0	0	0	248	0	304	56	818	6	200	0
1:Man. 	91046	0	0	0	248	0	304	56	818	6	200	0
1:Man. 	91248	0	0	0	248	0	304	56	818	6	200	0
1:Man. 	91448	0	0	0	248	0	304	56	818	6	200	0
1:Man. 	91648	0	0	0	251	0	304	53	818	6	200	0
1:Man. 	91859	0	0	0	251	0	304	53	818	6	200	0
1:Man. 	92061	0	0	0	251	0	304	53	818	6	200	0
1:Man. 	92261	0	0	0	251	0	304	53	818	6	200	0
1:Man. 	92463	0	0	0	251	0	304	53	818	6	200	0
1:Man. 	92665	0	0	0	255	0	304	49	818	6	200	0
1:Man. 	92868	0	0	0	255	0	304	49	818	6	200	0
1:Man. 	93070	0	0	0	255	0	304	49	818	6	200	0
1:Man. 	93272	0	0	0	255	0	304	49	818	6	200	0
1:Man. 	93474	0	0	0	255	0	304	49	818	6	200	0
1:Man. 	93674	0	0	0	260	0	304	44	818	6	200	0
1:Man. 	93874	0	0	0	260	0	304	44	818	6	200	0
1:Man. 	94075	0	0	0	260	0	304	44	818	6	200	0
1:Man. 	94275	0	0	0	260	0	304	44	818	6	200	0
1:Man. 	94477	0	0	0	260	0	304	44	818	6	200	0
1:Man. 	94680	0	0	0	266	0	304	38	818	6	200	0
1:Man. 	94882	0	0	0	266	0	304	38	818	6	200	0
1:Man. 	95084	0	0	0	266	0	304	38	818	6	200	0
1:Man. 	95286	0	0	0	266	0	304	38	818	6	200	0
1:Man. 	95489	0	0	0	266	0	304	38	818	6	200	0
1:Man. 	95689	0	0	0	272	0	304	32	856	6	200	0
1:Man. 	95891	0	0	0	272	0	304	32	856	6	200	0
1:Man. 	96093	0	0	0	272	0	304	32	856	6	200	0
1:Man. 	96296	0	0	0	272	0	304	32	856	6	200	0
1:Man. 	96498	0	0	0	272	0	304	32	856	6	200	0
1:Man. 	96698	0	0	0	279	0	304	25	918	7	197	3
1:Man. 	96898	0	0	0	279	0	304	25	980	7	200	0
1:Man. 	97101	0	0	0	279	0	304	25	980	7	200	0
1:Man. 	97303	0	0	0	279	0	304	25	980	7	200	0
1:Man. 	97505	0	0	0	279	0	304	25	980	7	200	0
1:Man. 	97705	0	0	0	288	0	304	16	1011	7	197	3
1:Man. 	97906	0	0	0	288	0	304	16	1073	8	200	0
1:Man. 	98108	0	0	0	288	0	304	16	1073	8	200	0
1:Man. 	98310	0	0	0	288	0	304	16	1073	8	200	0
1:Man. 	98512	0	0	0	288	0	304	16	1073	8	200	0
1:Man. 	98713	0	0	0	299	0	304	5	1113	8	195	5
1:Man. 	98913	0	0	0	299	0	304	5	1193	9	200	0
1:Man. 	99130	0	0	0	299	0	304	5	1193	9	200	0
1:Man. 	99332	0	0	0	299	0	304	5	1193	9	200	0
1:Man. 	99534	0	0	0	299	0	304	5	1193	9	200	0
1:Man. 	99734	0	0	0	310	0	304	-6	1202	9	193	7
1:Man. 	99952	0	0	0	310	0	304	-6	1238	9	196	4
1:Man. 	100153	0	0	0	310	0	304	-6	1274	9	198	2
1:Man. 	100353	0	0	0	310	0	304	-6	1308	10	200	0
1:Man. 	100555	0	0	0	310	0	304	-6	1308	10	200	0
1:Man. 	100755	0	0	0	322	0	304	-18	1318	10	189	11
1:Man. 	100956	0	0	0	322	0	304	-18	1338	10	191	9
1:Man. 	101157	0	0	0	322	0	304	-18	1353	10	192	8
1:Man. 	101357	0	0	0	322	0	304	-18	1373	10	193	7
1:Man. 	101559	0	0	0	322	0	304	-18	1393	10	196	4
1:Man. 	101761	0	0	0	334	0	304	-30	1405	10	185	15
1:Man. 	101964	0	0	0	334	0	304	-30	1405	10	185	15
1:Man. 	102165	0	0	0	334	0	304	-30	1405	10	185	15
1:Man. 	102366	0	0	0	334	0	304	-30	1405	10	185	15
1:Man. 	102566	0	0	0	334	0	304	-30	1405	10	185	15
1:Man. 	102767	0	0	0	347	0	304	-43	1374	10	170	30
1:Man. 	102969	0	0	0	347	0	304	-43	1350	10	168	32
1:Man. 	103170	0	0	0	347	0	304	-43	1332	10	167	33
1:Man. 	103370	0	0	0	347	0	304	-43	1308	10	165	35
1:Man. 	103571	0	0	0	347	0	304	-43	1284	10	165	35
1:Man. 	103773	0	0	0	358	0	304	-54	1209	9	149	51
1:Man. 	103976	0	0	0	358	0	304	-54	1092	8	140	60
1:Man. 	104177	0	0	0	358	0	304	-54	892	6	126	74
1:Man. 	104378	0	0	0	358	0	304	-54	692	5	112	88
1:Man. 	104579	0	0	0	358	0	304	-54	542	4	99	101
1:Man. 	104780	0	0	0	9	0	304	-65	309	2	71	129
1:Man. 	104981	0	0	0	9	0	304	-65	55	0	53	147
1:Man. 	105185	0	0	0	9	0	304	-65	-229	-2	33	167
1:Man. 	105385	0	0	0	9	0	304	-65	-513	-5	13	187
1:Man. 	105586	0	0	0	9	0	304	-65	-726	-6	0	200
1:Man. 	105786	0	0	0	19	0	304	-75	-726	-6	0	200
1:Man. 	105988	0	0	0	19	0	304	-75	-726	-6	0	200
1:Man. 	106190	0	0	0	19	0	304	-75	-726	-6	0	200
1:Man. 	106392	0	0	0	19	0	304	-75	-726	-6	0	200
1:Man. 	106594	0	0	0	19	0	304	-75	-726	-6	0	200
1:Man. 	106795	0	0	0	26	0	304	-82	-726	-6	0	200
1:Man. 	106996	0	0	0	26	0	304	-82	-726	-6	0	200
1:Man. 	107196	0	0	0	26	0	304	-82	-726	-6	0	200
1:Man. 	107398	0	0	0	26	0	304	-82	-726	-6	0	200
1:Man. 	107600	0	0	0	26	0	304	-82	-726	-6	0	200
1:Man. 	107800	0	0	0	29	0	304	-85	-726	-6	0	200
1:Man. 	108002	0	0	0	29	0	304	-85	-726	-6	0	200
1:Man. 	108205	0	0	0	29	0	304	-85	-726	-6	0	200
1:Man. 	108407	0	0	0	29	0	304	-85	-726	-6	0	200
1:Man. 	108609	0	0	0	29	0	304	-85	-726	-6	0	200
1:Man. 	108809	0	0	0	30	0	304	-86	-726	-6	0	200
1:Man. 	109011	0	0	0	30	0	304	-86	-726	-6	0	200
1:Man. 	109213	0	0	0	30	0	304	-86	-726	-6	0	200
1:Man. 	109416	0	0	0	30	0	304	-86	-726	-6	0	200
1:Man. 	109619	0	0	0	31	0	304	-86	-726	-6	0	200
1:Man. 	109821	0	0	0	31	0	304	-87	-726	-6	0	200
1:Man. 	110022	0	0	0	31	0	304	-87	-726	-6	0	200
1:Man. 	110222	0	0	0	31	0	304	-87	-726	-6	0	200
1:Man. 	110422	0	0	0	31	0	304	-87	-726	-6	0	200
1:Man. 	110627	0	0	0	30	0	304	-87	-726	-6	0	200
1:Man. 	110829	0	0	0	30	0	304	-86	-726	-6	0	200
1:Man. 	111029	0	0	0	30	0	304	-86	-726	-6	0	200
1:Man. 	111232	0	0	0	30	0	304	-86	-726	-6	0	200
1:Man. 	111433	0	0	0	30	0	304	-86	-726	-6	0	200
1:Man. 	111633	0	0	0	27	0	304	-86	-726	-6	0	200
1:Man. 	111836	0	0	0	27	0	304	-83	-726	-6	0	200
1:Man. 	112037	0	0	0	27	0	304	-83	-726	-6	0	200
1:Man. 	112240	0	0	0	27	0	304	-83	-726	-6	0	200
1:Man. 	112442	0	0	0	27	0	304	-83	-726	-6	0	200
1:Man. 	112649	0	0	0	24	0	304	-80	-726	-6	0	200
1:Man. 	112850	0	0	0	24	0	304	-80	-726	-6	0	200
1:Man. 	113050	0	0	0	24	0	304	-80	-726	-6	0	200
1:Man. 	113252	0	0	0	24	0	304	-80	-726	-6	0	200
1:Man. 	113454	0	0	0	24	0	304	-80	-726	-6	0	200
1:Man. 	113654	0	0	0	20	0	304	-76	-726	-6	0	200
1:Man. 	113856	0	0	0	20	0	304	-76	-726	-6	0	200
1:Man. 	114058	0	0	0	20	0	304	-76	-726	-6	0	200
1:Man. 	114260	0	0	0	20	0	304	-76	-726	-6	0	200
1:Man. 	114460	0	0	0	20	0	304	-76	-726	-6	0	200
1:Man. 	114660	0	0	0	15	0	304	-71	-726	-6	0	200
1:Man. 	114862	0	0	0	15	0	304	-71	-726	-6	0	200
1:Man. 	115064	0	0	0	15	0	304	-71	-726	-6	0	200
1:Man. 	115267	0	0	0	15	0	15	0	0	0	92	108
2:Turn 	115469	0	0	0	15	0	14	-1	-3	-1	90	110
2:Turn 	115670	0	0	0	8	0	14	6	0	0	98	102
2:Turn 	115870	0	0	0	8	0	14	6	18	0	96	104
2:Turn 	116071	0	0	0	8	0	14	6	42	0	97	103
2:Turn 	116272	0	0	0	8	0	14	6	66	0	99	101
2:Turn 	116472	0	0	0	8	0	14	6	84	0	100	100
2:Turn 	116674	0	0	0	3	0	13	10	110	0	106	94
2:Turn 	116875	0	0	0	3	0	13	10	150	1	112	88
2:Turn 	117075	0	0	0	3	0	13	10	180	1	114	86
2:Turn 	117276	0	0	0	3	0	13	10	220	1	117	83
2:Turn 	117477	0	0	0	3	0	13	10	250	1	119	81
2:Turn 	117679	0	0	0	358	0	13	15	295	2	127	73
2:Turn 	117879	0	0	0	358	0	12	14	338	2	200	0
2:Turn 	118081	0	0	0	358	0	12	14	338	2	200	0
2:Turn 	118281	0	0	0	358	0	12	14	338	2	200	0
2:Turn 	118483	0	0	0	358	0	12	14	338	2	200	0
2:Turn 	118683	0	0	0	353	0	12	19	338	2	200	0
2:Turn 	118883	0	0	0	353	0	12	19	338	2	134	66
3:Fix 	119083	0	0	0	353	0	0	7	7	0	99	101
3:Fix 	119283	0	0	0	353	0	0	7	28	0	100	100
3:Fix 	119483	0	0	0	353	0	0	7	56	0	102	98
3:Fix 	119686	0	0	0	352	0	0	8	85	0	105	95
3:Fix 	119886	0	0	0	352	0	0	8	109	0	107	93
3:Fix 	120088	0	0	0	352	0	0	8	141	1	115	85
3:Fix 	120288	0	0	0	352	0	0	8	173	1	118	82
3:Fix 	120489	0	0	0	352	0	0	8	205	1	120	80
3:Fix 	120692	0	0	0	349	0	0	11	232	1	125	75
3:Fix 	120894	0	0	0	349	0	0	11	276	2	128	72
3:Fix 	121096	0	0	0	349	0	0	11	320	2	128	72
3:Fix 	121297	0	0	0	349	0	0	11	353	2	130	70
3:Fix 	121497	0	0	0	349	0	0	11	397	3	133	67
3:Fix 	121700	0	0	0	349	0	0	11	441	3	137	63
3:Fix 	121902	0	0	0	349	0	0	11	485	3	140	60
3:Fix 	122103	0	0	0	349	0	0	11	518	4	147	53
3:Fix 	122305	0	0	0	349	0	0	11	562	4	150	50
3:Fix 	122505	0	0	0	349	0	0	11	606	4	153	47
3:Fix 	122706	0	0	0	348	0	0	12	640	5	157	43
3:Fix 	122908	0	0	0	348	0	0	12	688	5	160	40
3:Fix 	123108	0	0	0	348	0	0	12	736	5	161	39
3:Fix 	123310	0	0	0	348	0	0	12	784	6	165	35
3:Fix 	123511	0	0	0	348	0	0	12	820	6	167	33
3:Fix 	123711	0	0	0	349	0	0	11	866	6	169	31
3:Fix 	123913	0	0	0	349	0	0	11	910	7	172	28
3:Fix 	124115	0	0	0	349	0	0	11	954	7	179	21
3:Fix 	124317	0	0	0	349	0	0	11	987	7	181	19
3:Fix 	124519	0	0	0	349	0	0	11	1031	8	184	16
3:Fix 	124719	0	0	0	349	0	0	11	1075	8	187	13
3:Fix 	124920	0	0	0	349	0	0	11	1108	8	189	11
3:Fix 	125122	0	0	0	349	0	0	11	1152	9	192	8
3:Fix 	125325	0	0	0	349	0	0	11	1196	9	195	5
3:Fix 	125527	0	0	0	349	0	0	11	1229	9	197	3
3:Fix 	125729	0	0	0	351	0	0	9	1269	9	198	2
3:Fix 	125930	0	0	0	351	0	0	9	1296	10	200	0
5:Full	130396	0	0	0	8	0	8	0	1296	10	0	200
5:Full	130597	0	0	0	8	0	8	0	1296	10	0	200
5:Full	130797	0	0	0	11	0	11	0	1296	10	0	200
5:Full	131000	0	0	0	11	0	11	0	1296	10	0	200
5:Full	131203	0	0	0	11	0	11	0	1296	10	0	200
5:Full	131405	0	0	0	11	0	11	0	1296	10	0	200
5:Full	131606	0	0	0	11	0	11	0	0	0	104	96
5:Full	131807	0	0	0	13	0	13	0	0	0	104	96
5:Full	132007	0	0	0	13	0	13	0	0	0	104	96
5:Full	132208	0	0	0	13	0	13	0	0	0	104	96
5:Full	132409	0	0	0	13	0	13	0	0	0	104	96
5:Full	132609	0	0	0	13	0	13	0	0	0	102	98
5:Full	132810	0	0	0	13	0	13	0	0	0	102	98
5:Full	133011	0	0	0	13	0	13	0	0	0	102	98
5:Full	133211	0	0	0	13	0	13	0	0	0	102	98
5:Full	133411	0	0	0	13	0	13	0	0	0	102	98
5:Full	133612	0	0	0	13	0	13	0	0	0	100	100
5:Full	133813	0	0	0	14	0	14	0	0	0	100	100
5:Full	134013	0	0	0	14	0	14	0	0	0	100	100
5:Full	134214	0	0	0	14	0	14	0	0	0	100	100
5:Full	134415	0	0	0	14	0	14	0	0	0	100	100
5:Full	134616	0	0	0	14	0	14	0	0	0	101	99
5:Full	134817	0	0	0	14	0	14	0	0	0	101	99
5:Full	135018	0	0	0	14	0	14	0	0	0	101	99
5:Full	135219	0	0	0	14	0	14	0	0	0	101	99
5:Full	135422	0	0	0	14	0	14	0	0	0	101	99
5:Full	135623	0	0	0	14	0	14	0	0	0	100	100
5:Full	135824	0	0	0	14	0	14	0	0	0	100	100
5:Full	136025	0	0	0	14	0	14	0	0	0	100	100
5:Full	136225	0	0	0	14	0	14	0	0	0	100	100
5:Full	136426	0	0	0	14	0	14	0	0	0	100	100
5:Full	136626	0	0	0	14	0	14	0	0	0	100	100
5:Full	136827	0	0	0	15	0	15	0	0	0	100	100
5:Full	137028	0	0	0	15	0	15	0	0	0	100	100
5:Full	137229	0	0	0	15	0	15	0	0	0	100	100
5:Full	137430	0	0	0	15	0	15	0	0	0	100	100
5:Full	137630	0	0	0	15	0	15	0	0	0	101	99
5:Full	137831	0	0	0	15	0	15	0	0	0	101	99
5:Full	138032	0	0	0	15	0	15	0	0	0	101	99
5:Full	138232	0	0	0	15	0	15	0	0	0	101	99
5:Full	138432	0	0	0	15	0	15	0	0	0	101	99
5:Full	138633	0	0	0	15	0	15	0	0	0	101	99
5:Full	138834	0	0	0	16	0	16	0	0	0	100	100
5:Full	139035	0	0	0	16	0	16	0	0	0	100	100
5:Full	139235	0	0	0	16	0	16	0	0	0	100	100
5:Full	139436	0	0	0	16	0	16	0	0	0	100	100
5:Full	139637	0	0	0	16	0	16	0	0	0	100	100
5:Full	139838	0	0	0	17	0	17	0	0	0	101	99
5:Full	140039	0	0	0	17	0	17	0	0	0	101	99
5:Full	140239	0	0	0	17	0	17	0	0	0	101	99
5:Full	140440	0	0	0	17	0	17	0	0	0	101	99
5:Full	140640	0	0	0	17	0	17	0	0	0	101	99
5:Full	140841	0	0	0	17	0	17	0	0	0	101	99
5:Full	141042	0	0	0	17	0	17	0	0	0	101	99
5:Full	141243	0	0	0	17	0	17	0	0	0	101	99
5:Full	141443	0	0	0	17	0	17	0	0	0	101	99
5:Full	141643	0	0	0	17	0	17	0	0	0	101	99
5:Full	141845	0	0	0	18	0	18	0	0	0	101	99
5:Full	142045	0	0	0	18	0	18	0	0	0	101	99
5:Full	142245	0	0	0	18	0	18	0	0	0	101	99
5:Full	142446	0	0	0	18	0	18	0	0	0	101	99
5:Full	142647	0	0	0	18	0	18	0	0	0	101	99
5:Full	142848	0	0	0	19	0	19	0	0	0	101	99
5:Full	143048	0	0	0	19	0	19	0	0	0	101	99
5:Full	143249	0	0	0	19	0	19	0	0	0	101	99
5:Full	143450	0	0	0	19	0	19	0	0	0	101	99
5:Full	143650	0	0	0	19	0	19	0	0	0	101	99
5:Full	143851	0	0	0	21	0	21	0	0	0	102	98
5:Full	144052	0	0	0	21	0	21	0	0	0	102	98
5:Full	144252	0	0	0	21	0	21	0	0	0	102	98
5:Full	144453	0	0	0	21	0	21	0	0	0	102	98
5:Full	144653	-99	0	0	21	0	21	0	0	0	1	1
5:Full	144854	-99	0	0	22	0	22	0	0	0	1	1
5:Full	145054	-99	0	0	22	0	22	0	0	0	1	1
5:Full	145254	-99	0	0	22	0	22	0	0	0	1	1
5:Full	145454	-99	0	0	22	0	22	0	0	0	1	1
5:Full	145654	-99	0	0	22	0	22	0	0	0	1	1
5:Full	145854	-99	0	0	23	0	23	0	0	0	1	1
5:Full	146054	-99	0	0	23	0	23	0	0	0	1	1
5:Full	146254	-99	0	0	23	0	23	0	0	0	1	1
5:Full	146454	-99	0	0	23	0	23	0	0	0	1	1
5:Full	146654	-99	0	0	23	0	23	0	0	0	1	1
5:Full	146854	-99	0	0	24	0	24	0	0	0	1	1
5:Full	147054	-99	0	0	24	0	24	0	0	0	1	1
5:Full	147254	-99	0	0	24	0	24	0	0	0	1	1
5:Full	147454	-99	0	0	24	0	24	0	0	0	1	1
5:Full	147654	-99	0	0	24	0	24	0	0	0	1	1
5:Full	147854	-99	0	0	25	0	25	0	0	0	1	1
5:Full	148054	-99	0	0	25	0	25	0	0	0	1	1
5:Full	148254	-99	0	0	25	0	25	0	0	0	1	1
5:Full	148454	-99	0	0	25	0	25	0	0	0	1	1
5:Full	148654	-99	0	0	25	0	25	0	0	0	1	1
5:Full	148854	-99	0	0	26	0	26	0	0	0	1	1
5:Full	149054	-99	0	0	26	0	26	0	0	0	1	1
5:Full	149254	-99	0	0	26	0	26	0	0	0	1	1
5:Full	149454	-99	0	0	26	0	26	0	0	0	1	1
5:Full	149654	-99	0	0	26	0	26	0	0	0	1	1
5:Full	149854	-99	0	0	26	0	26	0	0	0	1	1
5:Full	150054	-99	0	0	26	0	26	0	0	0	1	1
5:Full	150254	-99	0	0	26	0	26	0	0	0	1	1
5:Full	150454	-99	0	0	26	0	26	0	0	0	1	1
5:Full	150654	-99	0	0	26	0	26	0	0	0	1	1
5:Full	150854	-99	0	0	26	0	26	0	0	0	1	1
5:Full	151054	-99	0	0	26	0	26	0	0	0	1	1
5:Full	151254	-99	0	0	26	0	26	0	0	0	1	1
5:Full	151454	-99	0	0	26	0	26	0	0	0	1	1
5:Full	151654	-99	0	0	26	0	26	0	0	0	1	1
5:Full	151854	-99	0	0	26	0	26	0	0	0	1	1
5:Full	152054	-99	0	0	27	0	27	0	0	0	1	1
5:Full	152267	-99	0	0	27	0	27	0	0	0	1	1
5:Full	152479	-99	0	0	27	0	27	0	0	0	1	1
5:Full	152679	-99	0	0	27	0	27	0	0	0	1	1
5:Full	152879	-99	0	0	26	0	26	0	0	0	1	1
5:Full	153079	-99	0	0	26	0	26	0	0	0	1	1
5:Full	153279	-99	0	0	26	0	26	0	0	0	1	1
5:Full	153479	-99	0	0	26	0	26	0	0	0	1	1
5:Full	153679	-99	0	0	26	0	26	0	0	0	1	1
5:Full	153879	-99	0	0	26	0	26	0	0	0	1	1
5:Full	154079	-99	0	0	27	0	27	0	0	0	1	1
5:Full	154279	-99	0	0	27	0	27	0	0	0	1	1
5:Full	154479	-99	0	0	27	0	27	0	0	0	1	1
5:Full	154679	-99	0	0	27	0	27	0	0	0	1	1
5:Full	154880	-99	0	0	27	0	27	0	0	0	1	1
5:Full	155080	-99	0	0	27	0	27	0	0	0	1	1
5:Full	155280	-99	0	0	27	0	27	0	0	0	1	1
5:Full	155480	-99	0	0	27	0	27	0	0	0	1	1
5:Full	155680	-99	0	0	27	0	27	0	0	0	1	1
5:Full	155880	-99	0	0	27	0	27	0	0	0	1	1
5:Full	156080	-99	0	0	28	0	28	0	0	0	1	1
5:Full	156280	-99	0	0	28	0	28	0	0	0	1	1
5:Full	156480	-99	0	0	28	0	28	0	0	0	1	1
5:Full	156680	-99	0	0	28	0	28	0	0	0	1	1
5:Full	156880	-99	0	0	28	0	28	0	0	0	1	1
5:Full	157080	-99	0	0	28	0	28	0	0	0	1	1
5:Full	157280	-99	0	0	28	0	28	0	0	0	1	1
5:Full	157480	-99	0	0	28	0	28	0	0	0	1	1
5:Full	157680	-99	0	0	28	0	28	0	0	0	1	1
5:Full	157880	-99	0	0	28	0	28	0	0	0	1	1
5:Full	158080	-99	0	0	28	0	28	0	0	0	1	1
5:Full	158280	-99	0	0	28	0	28	0	0	0	1	1
5:Full	158480	-99	0	0	28	0	28	0	0	0	1	1
5:Full	158680	-99	0	0	28	0	28	0	0	0	1	1
5:Full	158880	-99	0	0	28	0	28	0	0	0	1	1
5:Full	159080	-99	0	0	29	0	29	0	0	0	1	1
5:Full	159280	-99	0	0	29	0	29	0	0	0	1	1
5:Full	159480	-99	0	0	29	0	29	0	0	0	1	1
5:Full	159680	-99	0	0	29	0	29	0	0	0	1	1
5:Full	159893	-99	0	0	29	0	29	0	0	0	1	1
5:Full	160093	-99	0	0	30	0	30	0	0	0	1	1
5:Full	160293	-99	0	0	30	0	30	0	0	0	1	1
5:Full	160493	-99	0	0	30	0	30	0	0	0	1	1
5:Full	160693	-99	0	0	30	0	30	0	0	0	1	1
5:Full	160893	-99	0	0	30	0	30	0	0	0	1	1
5:Full	161093	-99	0	0	28	0	28	0	0	0	1	1
5:Full	161293	-99	0	0	28	0	28	0	0	0	1	1
5:Full	161494	-99	0	0	28	0	28	0	0	0	1	1
5:Full	161694	-99	0	0	28	0	28	0	0	0	1	1
5:Full	161894	-99	0	0	28	0	28	0	0	0	1	1
5:Full	162094	-99	0	0	28	0	28	0	0	0	1	1
5:Full	162294	-99	0	0	28	0	28	0	0	0	1	1
5:Full	162494	-99	0	0	28	0	28	0	0	0	1	1
5:Full	162694	-99	0	0	28	0	28	0	0	0	1	1
5:Full	162894	-99	0	0	28	0	28	0	0	0	1	1
5:Full	163094	-99	0	0	29	0	29	0	0	0	1	1
5:Full	163294	-99	0	0	29	0	29	0	0	0	1	1
5:Full	163494	-99	0	0	29	0	29	0	0	0	1	1
5:Full	163694	-99	0	0	29	0	29	0	0	0	1	1
5:Full	163894	-99	0	0	29	0	29	0	0	0	1	1
5:Full	164094	-99	0	0	28	0	28	0	0	0	1	1
5:Full	164294	-99	0	0	28	0	28	0	0	0	1	1
5:Full	164494	-99	0	0	28	0	28	0	0	0	1	1
5:Full	164694	-99	0	0	28	0	28	0	0	0	1	1
5:Full	164894	-99	0	0	28	0	28	0	0	0	1	1
5:Full	165094	-99	0	0	29	0	29	0	0	0	1	1
5:Full	165294	-99	0	0	29	0	29	0	0	0	1	1
5:Full	165494	-99	0	0	29	0	29	0	0	0	1	1
5:Full	165694	-99	0	0	29	0	29	0	0	0	1	1
5:Full	165894	-99	0	0	29	0	29	0	0	0	1	1
5:Full	166094	-99	0	0	30	0	30	0	0	0	1	1
5:Full	166294	-99	0	0	30	0	30	0	0	0	1	1
5:Full	166494	-99	0	0	30	0	30	0	0	0	1	1
5:Full	166694	-99	0	0	30	0	30	0	0	0	1	1
5:Full	166894	-99	0	0	30	0	30	0	0	0	1	1
5:Full	167094	-99	0	0	30	0	30	0	0	0	1	1
5:Full	167294	-99	0	0	30	0	30	0	0	0	1	1
5:Full	167494	-99	0	0	30	0	30	0	0	0	1	1
5:Full	167694	-99	0	0	30	0	30	0	0	0	1	1
5:Full	167894	-99	0	0	30	0	30	0	0	0	1	1
5:Full	168094	-99	0	0	29	0	29	0	0	0	1	1
5:Full	168294	-99	0	0	29	0	29	0	0	0	1	1
5:Full	168494	-99	0	0	29	0	29	0	0	0	1	1
5:Full	168708	-99	0	0	29	0	29	0	0	0	1	1
5:Full	168920	-99	0	0	29	0	29	0	0	0	1	1
5:Full	169120	-99	0	0	30	0	30	0	0	0	1	1
5:Full	169320	-99	0	0	30	0	30	0	0	0	1	1
5:Full	169520	-99	0	0	30	0	30	0	0	0	1	1
5:Full	169720	-99	0	0	30	0	30	0	0	0	1	1
5:Full	169920	-99	0	0	30	0	30	0	0	0	1	1
5:Full	170120	-99	0	0	29	0	29	0	0	0	1	1
5:Full	170320	-99	0	0	29	0	29	0	0	0	1	1
5:Full	170520	-99	0	0	29	0	29	0	0	0	1	1
5:Full	170720	-99	0	0	29	0	29	0	0	0	1	1
5:Full	170920	-99	0	0	29	0	29	0	0	0	1	1
5:Full	171120	-99	0	0	30	0	30	0	0	0	1	1
5:Full	171320	-99	0	0	30	0	30	0	0	0	1	1
5:Full	171520	-99	0	0	30	0	30	0	0	0	1	1
5:Full	171720	-99	0	0	30	0	30	0	0	0	1	1
5:Full	171920	-99	0	0	30	0	30	0	0	0	1	1
5:Full	172120	-99	0	0	30	0	30	0	0	0	1	1
5:Full	172320	-99	0	0	30	0	30	0	0	0	1	1
5:Full	172520	-99	0	0	30	0	30	0	0	0	1	1
5:Full	172720	-99	0	0	30	0	30	0	0	0	1	1
5:Full	172920	-99	0	0	30	0	30	0	0	0	1	1
5:Full	173120	-99	0	0	29	0	29	0	0	0	1	1
5:Full	173320	-99	0	0	29	0	29	0	0	0	1	1
5:Full	173520	-99	0	0	29	0	29	0	0	0	1	1
5:Full	173720	-99	0	0	29	0	29	0	0	0	1	1
5:Full	173920	-99	0	0	29	0	29	0	0	0	1	1
5:Full	174120	-99	0	0	29	0	29	0	0	0	1	1
5:Full	174320	-99	0	0	29	0	29	0	0	0	1	1
5:Full	174520	-99	0	0	29	0	29	0	0	0	1	1
5:Full	174720	-99	0	0	29	0	29	0	0	0	1	1
5:Full	174920	-99	0	0	29	0	29	0	0	0	1	1
5:Full	175120	-99	0	0	30	0	30	0	0	0	1	1
5:Full	175320	-99	0	0	30	0	30	0	0	0	1	1
5:Full	175520	-99	0	0	30	0	30	0	0	0	1	1
5:Full	175720	-99	0	0	30	0	30	0	0	0	1	1
5:Full	175920	-99	0	0	30	0	30	0	0	0	1	1
5:Full	176134	-99	0	0	30	0	30	0	0	0	1	1
5:Full	176334	-99	0	0	30	0	30	0	0	0	1	1
5:Full	176534	-99	0	0	30	0	30	0	0	0	1	1
5:Full	176734	-99	0	0	30	0	30	0	0	0	1	1
5:Full	176934	-99	0	0	30	0	30	0	0	0	1	1
5:Full	177134	-99	0	0	29	0	29	0	0	0	1	1
5:Full	177334	-99	0	0	29	0	29	0	0	0	1	1
5:Full	177534	-99	0	0	29	0	29	0	0	0	1	1
5:Full	177734	-99	0	0	29	0	29	0	0	0	1	1
5:Full	177934	-99	0	0	29	0	29	0	0	0	1	1
5:Full	178134	-99	0	0	29	0	29	0	0	0	1	1
5:Full	178334	-99	0	0	29	0	29	0	0	0	1	1
5:Full	178534	-99	0	0	29	0	29	0	0	0	1	1
5:Full	178734	-99	0	0	29	0	29	0	0	0	1	1
5:Full	178934	-99	0	0	29	0	29	0	0	0	1	1
5:Full	179135	0	0	0	29	0	29	0	0	0	100	100
5:Full	179336	0	0	0	29	0	29	0	0	0	100	100
5:Full	179536	0	0	0	29	0	29	0	0	0	100	100
5:Full	179737	0	0	0	29	0	29	0	0	0	100	100
5:Full	179952	0	0	0	29	0	29	0	0	0	100	100
5:Full	180153	0	0	0	29	0	29	0	0	0	100	100
5:Full	180354	0	0	0	29	0	29	0	0	0	100	100
5:Full	180554	0	0	0	29	0	29	0	0	0	100	100
5:Full	180755	0	0	0	29	0	29	0	0	0	100	100
5:Full	180955	0	0	0	29	0	29	0	0	0	100	100
5:Full	181156	0	0	0	29	0	29	0	0	0	100	100
5:Full	181357	0	0	0	29	0	29	0	0	0	100	100
5:Full	181558	0	0	0	29	0	29	0	0	0	100	100
5:Full	181762	0	0	0	29	0	29	0	0	0	100	100
5:Full	181962	0	0	0	29	0	29	0	0	0	100	100
5:Full	182163	0	0	0	30	0	30	0	0	0	100	100
5:Full	182364	0	0	0	30	0	30	0	0	0	101	99
5:Full	182564	0	0	0	30	0	30	0	0	0	101	99
5:Full	182765	0	0	0	30	0	30	0	0	0	101	99
5:Full	182965	0	0	0	30	0	30	0	0	0	101	99
5:Full	183166	0	0	0	28	0	28	0	0	0	101	99
5:Full	183367	0	0	0	28	0	28	0	0	0	97	103
5:Full	183568	0	0	0	28	0	28	0	0	0	97	103
5:Full	183769	0	0	0	28	0	28	0	0	0	97	103
5:Full	183972	0	0	0	28	0	28	0	0	0	97	103
5:Full	184173	0	0	0	28	0	28	0	0	0	97	103
5:Full	184374	0	0	0	28	0	28	0	0	0	100	100
5:Full	184574	0	0	0	28	0	28	0	0	0	100	100
5:Full	184775	0	0	0	28	0	28	0	0	0	100	100
5:Full	184976	0	0	0	28	0	28	0	0	0	100	100
5:Full	185177	0	0	0	28	0	28	0	0	0	100	100
5:Full	185377	0	0	0	28	0	28	0	0	0	100	100
5:Full	185577	0	0	0	28	0	118	90	90	0	200	0
5:Full	185777	0	0	0	28	0	118	90	90	0	200	0
5:Full	185977	0	0	0	28	0	118	90	90	0	200	0
5:Full	186177	0	0	0	28	0	118	90	90	0	200	0
5:Full	186377	0	0	0	28	0	118	90	90	0	200	0
5:Full	186577	0	0	0	28	0	118	90	90	0	200	0
5:Full	186777	0	0	0	28	0	118	90	90	0	200	0
5:Full	186977	0	0	0	28	0	118	90	90	0	200	0
5:Full	187177	0	0	0	29	0	119	90	90	0	200	0
5:Full	187377	0	0	0	29	0	119	90	90	0	200	0
5:Full	187577	0	0	0	29	0	119	90	90	0	200	0
5:Full	187777	0	0	0	29	0	119	90	90	0	200	0
5:Full	187977	0	0	0	29	0	119	90	90	0	200	0
5:Full	188177	0	0	0	33	0	123	90	90	0	200	0
5:Full	188377	0	0	0	33	0	123	90	90	0	200	0
5:Full	188577	0	0	0	33	0	123	90	90	0	200	0
5:Full	188777	0	0	0	33	0	123	90	90	0	200	0
5:Full	188977	0	0	0	33	0	123	90	90	0	200	0
5:Full	189177	0	0	0	37	0	127	90	90	0	200	0
5:Full	189377	0	0	0	37	0	127	90	90	0	200	0
5:Full	189577	0	0	0	37	0	127	90	90	0	200	0
5:Full	189777	0	0	0	37	0	127	90	90	0	200	0
5:Full	189977	0	0	0	37	0	127	90	90	0	200	0
5:Full	190177	0	0	0	44	0	134	90	90	0	200	0
5:Full	190377	0	0	0	44	0	134	90	90	0	200	0
5:Full	190577	0	0	0	44	0	134	90	90	0	200	0
5:Full	190777	0	0	0	44	0	134	90	90	0	200	0
5:Full	190977	0	0	0	44	0	134	90	90	0	200	0
5:Full	191177	0	0	0	50	0	140	90	90	0	200	0
5:Full	191377	0	0	0	50	0	140	90	90	0	200	0
5:Full	191577	0	0	0	50	0	140	90	90	0	200	0
5:Full	191777	0	0	0	50	0	140	90	90	0	200	0
5:Full	191977	0	0	0	50	0	140	90	90	0	200	0
5:Full	192177	0	0	0	59	0	149	90	90	0	200	0
5:Full	192391	0	0	0	59	0	149	90	90	0	200	0
5:Full	192603	0	0	0	59	0	149	90	90	0	200	0
5:Full	192803	0	0	0	59	0	149	90	90	0	200	0
5:Full	193003	0	0	0	59	0	149	90	90	0	200	0
5:Full	193203	0	0	0	68	0	158	90	90	0	200	0
5:Full	193403	0	0	0	68	0	158	90	90	0	200	0
5:Full	193603	0	0	0	68	0	158	90	90	0	200	0
5:Full	193803	0	0	0	68	0	158	90	90	0	200	0
5:Full	194003	0	0	0	68	0	158	90	90	0	200	0
5:Full	194203	0	0	0	76	0	166	90	90	0	200	0
5:Full	194403	0	0	0	76	0	166	90	90	0	200	0
5:Full	194603	0	0	0	76	0	166	90	90	0	200	0
5:Full	194803	0	0	0	76	0	166	90	90	0	200	0
5:Full	195003	0	0	0	76	0	166	90	90	0	200	0
5:Full	195203	0	0	0	85	0	175	90	90	0	200	0
5:Full	195403	0	0	0	85	0	175	90	90	0	200	0
5:Full	195603	0	0	0	85	0	175	90	90	0	200	0
5:Full	195803	0	0	0	85	0	175	90	90	0	200	0
5:Full	196003	0	0	0	85	0	175	90	90	0	200	0
5:Full	196203	0	0	0	95	0	185	90	90	0	200	0
5:Full	196403	0	0	0	95	0	185	90	90	0	200	0
5:Full	196603	0	0	0	95	0	185	90	90	0	200	0
5:Full	196803	0	0	0	95	0	185	90	90	0	200	0
5:Full	197003	0	0	0	95	0	185	90	90	0	200	0
5:Full	197203	0	0	0	104	0	194	90	90	0	200	0
5:Full	197403	0	0	0	104	0	194	90	90	0	200	0
5:Full	197603	0	0	0	104	0	194	90	90	0	200	0
5:Full	197803	0	0	0	104	0	194	90	90	0	200	0
5:Full	198003	0	0	0	104	0	194	90	90	0	200	0
5:Full	198203	0	0	0	113	0	203	90	90	0	200	0
5:Full	198403	0	0	0	113	0	203	90	90	0	200	0
5:Full	198603	0	0	0	113	0	203	90	90	0	200	0
5:Full	198803	0	0	0	113	0	203	90	90	0	200	0
5:Full	199003	0	0	0	113	0	203	90	90	0	200	0
5:Full	199203	0	0	0	123	0	213	90	90	0	200	0
5:Full	199403	0	0	0	123	0	213	90	90	0	200	0
5:Full	199603	0	0	0	123	0	213	90	90	0	200	0
5:Full	199817	0	0	0	123	0	213	90	90	0	200	0
5:Full	200017	0	0	0	123	0	213	90	90	0	200	0
5:Full	200217	0	0	0	133	0	223	90	90	0	200	0
5:Full	200417	0	0	0	133	0	223	90	90	0	200	0
5:Full	200617	0	0	0	133	0	223	90	90	0	200	0
5:Full	200817	0	0	0	133	0	223	90	90	0	200	0
5:Full	201017	0	0	0	133	0	223	90	90	0	200	0
5:Full	201217	0	0	0	143	0	233	90	90	0	200	0
5:Full	201417	0	0	0	143	0	233	90	90	0	200	0
5:Full	201618	0	0	0	143	0	143	0	0	0	114	86
5:Full	201819	0	0	0	143	0	143	0	0	0	114	86
5:Full	202019	0	0	0	143	0	143	0	0	0	114	86
5:Full	202221	0	0	0	152	0	152	0	0	0	114	86
5:Full	202421	0	0	0	152	0	152	0	0	0	114	86
5:Full	202621	0	0	0	152	0	152	0	0	0	114	86
5:Full	202836	0	0	0	152	0	152	0	0	0	114	86
5:Full	203037	0	0	0	152	0	152	0	0	0	112	88
5:Full	203238	0	0	0	159	0	159	0	0	0	112	88
5:Full	203440	0	0	0	159	0	159	0	0	0	112	88
5:Full	203640	0	0	0	159	0	159	0	0	0	112	88
5:Full	203840	0	0	0	159	0	159	0	0	0	112	88
5:Full	204041	0	0	0	159	0	159	0	0	0	110	90
5:Full	204242	0	0	0	165	0	165	0	0	0	110	90
5:Full	204443	0	0	0	165	0	165	0	0	0	110	90
5:Full	204644	0	0	0	165	0	165	0	0	0	110	90
5:Full	204845	0	0	0	165	0	165	0	0	0	110	90
5:Full	205045	0	0	0	165	0	165	0	0	0	108	92
5:Full	205246	0	0	0	168	0	168	0	0	0	108	92
5:Full	205447	0	0	0	168	0	168	0	0	0	108	92
5:Full	205647	0	0	0	168	0	168	0	0	0	108	92
5:Full	205848	0	0	0	168	0	168	0	0	0	108	92
5:Full	206049	0	0	0	168	0	168	0	0	0	104	96
5:Full	206249	0	0	0	172	0	172	0	0	0	104	96
5:Full	206450	0	0	0	172	0	172	0	0	0	104	96
5:Full	206651	0	0	0	172	0	172	0	0	0	104	96
5:Full	206852	0	0	0	172	0	172	0	0	0	104	96
5:Full	207052	0	0	0	172	0	172	0	0	0	105	95
5:Full	207254	0	0	0	175	0	175	0	0	0	105	95
5:Full	207455	0	0	0	175	0	175	0	0	0	105	95
5:Full	207655	0	0	0	175	0	175	0	0	0	105	95
5:Full	207856	0	0	0	175	0	175	0	0	0	105	95
5:Full	208057	0	0	0	175	0	175	0	0	0	105	95
5:Full	208258	0	0	0	178	0	178	0	0	0	104	96
5:Full	208459	0	0	0	178	0	178	0	0	0	104	96
5:Full	208659	0	0	0	178	0	178	0	0	0	104	96
5:Full	208860	0	0	0	178	0	178	0	0	0	104	96
5:Full	209060	0	0	0	178	0	178	0	0	0	104	96
5:Full	209262	0	0	0	180	0	180	0	0	0	104	96
5:Full	209463	0	0	0	180	0	180	0	0	0	104	96
5:Full	209664	0	0	0	180	0	180	0	0	0	104	96
5:Full	209864	0	0	0	180	0	180	0	0	0	104	96
5:Full	210065	0	0	0	180	0	180	0	0	0	104	96
5:Full	210266	0	0	0	181	0	181	0	0	0	102	98
5:Full	210466	0	0	0	181	0	181	0	0	0	102	98
5:Full	210667	0	0	0	181	0	181	0	0	0	102	98
5:Full	210868	0	0	0	181	0	181	0	0	0	102	98
5:Full	211068	0	0	0	181	0	181	0	0	0	102	98
5:Full	211270	0	0	0	182	0	182	0	0	0	101	99
5:Full	211470	0	0	0	182	0	182	0	0	0	101	99
5:Full	211672	0	0	0	182	0	182	0	0	0	101	99
5:Full	211872	0	0	0	182	0	182	0	0	0	101	99
5:Full	212072	0	0	0	182	0	182	0	0	0	101	99
5:Full	212274	0	0	0	183	0	183	0	0	0	101	99
5:Full	212474	0	0	0	183	0	93	-90	-90	-1	0	200
5:Full	212674	0	0	0	183	0	93	-90	-90	-1	0	200
5:Full	212874	0	0	0	183	0	93	-90	-90	-1	0	200
5:Full	213074	0	0	0	183	0	93	-90	-90	-1	0	200
5:Full	213274	0	0	0	183	0	93	-90	-90	-1	0	200
5:Full	213474	0	0	0	183	0	93	-90	-90	-1	0	200
5:Full	213675	0	0	0	183	0	93	-90	-90	-1	0	200
5:Full	213875	0	0	0	183	0	93	-90	-90	-1	0	200
5:Full	214075	0	0	0	183	0	93	-90	-90	-1	0	200
5:Full	214275	0	0	0	182	0	92	-90	-90	-1	0	200
5:Full	214475	0	0	0	182	0	92	-90	-90	-1	0	200
5:Full	214675	0	0	0	182	0	92	-90	-90	-1	0	200
5:Full	214875	0	0	0	182	0	92	-90	-90	-1	0	200
5:Full	215075	0	0	0	182	0	92	-90	-90	-1	0	200
5:Full	215275	0	0	0	180	0	90	-90	-90	-1	0	200
5:Full	215475	0	0	0	180	0	90	-90	-90	-1	0	200
5:Full	215675	0	0	0	180	0	90	-90	-90	-1	0	200
5:Full	215875	0	0	0	180	0	90	-90	-90	-1	0	200
5:Full	216075	0	0	0	180	0	90	-90	-90	-1	0	200
5:Full	216275	0	0	0	176	0	86	-90	-90	-1	0	200
5:Full	216475	0	0	0	176	0	86	-90	-90	-1	0	200
5:Full	216675	0	0	0	176	0	86	-90	-90	-1	0	200
5:Full	216875	0	0	0	176	0	86	-90	-90	-1	0	200
5:Full	217075	0	0	0	176	0	86	-90	-90	-1	0	200
5:Full	217275	0	0	0	172	0	82	-90	-90	-1	0	200
5:Full	217475	0	0	0	172	0	82	-90	-90	-1	0	200
5:Full	217675	0	0	0	172	0	82	-90	-90	-1	0	200
5:Full	217875	0	0	0	172	0	82	-90	-90	-1	0	200
5:Full	218075	0	0	0	172	0	82	-90	-90	-1	0	200
5:Full	218275	0	0	0	167	0	77	-90	-90	-1	0	200
5:Full	218475	0	0	0	167	0	77	-90	-90	-1	0	200
5:Full	218675	0	0	0	167	0	77	-90	-90	-1	0	200
5:Full	218875	0	0	0	167	0	77	-90	-90	-1	0	200
5:Full	219075	0	0	0	167	0	77	-90	-90	-1	0	200
5:Full	219275	0	0	0	161	0	71	-90	-90	-1	0	200
5:Full	219475	0	0	0	161	0	71	-90	-90	-1	0	200
5:Full	219675	0	0	0	161	0	71	-90	-90	-1	0	200
5:Full	219888	0	0	0	161	0	71	-90	-90	-1	0	200
5:Full	220101	0	0	0	161	0	71	-90	-90	-1	0	200
5:Full	220301	0	0	0	155	0	65	-90	-90	-1	0	200
5:Full	220502	0	0	0	155	0	65	-90	-90	-1	0	200
5:Full	220702	0	0	0	155	0	65	-90	-90	-1	0	200
5:Full	220902	0	0	0	155	0	65	-90	-90	-1	0	200
5:Full	221102	0	0	0	155	0	65	-90	-90	-1	0	200
5:Full	221302	0	0	0	148	0	58	-90	-90	-1	0	200
5:Full	221502	0	0	0	148	0	58	-90	-90	-1	0	200
5:Full	221702	0	0	0	148	0	58	-90	-90	-1	0	200
5:Full	221902	0	0	0	148	0	58	-90	-90	-1	0	200
5:Full	222102	0	0	0	148	0	58	-90	-90	-1	0	200
5:Full	222302	0	0	0	141	0	51	-90	-90	-1	0	200
5:Full	222502	0	0	0	141	0	51	-90	-90	-1	0	200
5:Full	222702	0	0	0	141	0	51	-90	-90	-1	0	200
5:Full	222902	0	0	0	141	0	51	-90	-90	-1	0	200
5:Full	223102	0	0	0	141	0	51	-90	-90	-1	0	200
5:Full	223302	0	0	0	141	0	51	-90	-90	-1	0	200
5:Full	223502	0	0	0	141	0	51	-90	-90	-1	0	200
5:Full	223702	0	0	0	141	0	51	-90	-90	-1	0	200
5:Full	223902	0	0	0	141	0	51	-90	-90	-1	0	200
5:Full	224102	0	0	0	141	0	51	-90	-90	-1	0	200
5:Full	224302	0	0	0	125	0	35	-90	-90	-1	0	200
5:Full	224502	0	0	0	125	0	35	-90	-90	-1	0	200
5:Full	224702	0	0	0	125	0	35	-90	-90	-1	0	200
5:Full	224902	0	0	0	125	0	35	-90	-90	-1	0	200
5:Full	225102	0	0	0	125	0	35	-90	-90	-1	0	200
5:Full	225302	0	0	0	116	0	26	-90	-90	-1	0	200
5:Full	225502	0	0	0	116	0	26	-90	-90	-1	0	200
5:Full	225702	0	0	0	116	0	26	-90	-90	-1	0	200
5:Full	225902	0	0	0	116	0	26	-90	-90	-1	0	200
5:Full	226102	0	0	0	116	0	26	-90	-90	-1	0	200
5:Full	226302	0	0	0	108	0	18	-90	-90	-1	0	200
5:Full	226502	0	0	0	108	0	18	-90	-90	-1	0	200
5:Full	226702	0	0	0	108	0	18	-90	-90	-1	0	200
5:Full	226902	0	0	0	108	0	18	-90	-90	-1	0	200
5:Full	227102	0	0	0	108	0	18	-90	-90	-1	0	200
5:Full	227315	0	0	0	99	0	9	-90	-90	-1	0	200
5:Full	227515	0	0	0	99	0	9	-90	-90	-1	0	200
5:Full	227715	0	0	0	99	0	9	-90	-90	-1	0	200
5:Full	227915	0	0	0	99	0	9	-90	-90	-1	0	200
5:Full	228115	0	0	0	99	0	9	-90	-90	-1	0	200
5:Full	228315	0	0	0	90	0	0	-90	-90	-1	0	200
5:Full	228515	0	0	0	90	0	0	-90	-90	-1	0	200
5:Full	228715	0	0	0	90	0	0	-90	-90	-1	0	200
5:Full	228915	0	0	0	90	0	0	-90	-90	-1	0	200
5:Full	229115	0	0	0	90	0	0	-90	-90	-1	0	200
5:Full	229315	0	0	0	82	0	-8	-90	-90	-1	0	200
5:Full	229515	0	0	0	82	0	-8	-90	-90	-1	0	200
5:Full	229715	0	0	0	82	0	-8	-90	-90	-1	0	200
5:Full	229915	0	0	0	82	0	-8	-90	-90	-1	0	200
5:Full	230115	0	0	0	82	0	-8	-90	-90	-1	0	200
5:Full	230315	0	0	0	74	0	-16	-90	-90	-1	0	200
5:Full	230515	0	0	0	74	0	-16	-90	-90	-1	0	200
5:Full	230715	0	0	0	74	0	-16	-90	-90	-1	0	200
5:Full	230915	0	0	0	74	0	-16	-90	-90	-1	0	200
5:Full	231115	0	0	0	74	0	-16	-90	-90	-1	0	200
5:Full	231315	0	0	0	65	0	-25	-90	-90	-1	0	200
5:Full	231515	0	0	0	65	0	-25	-90	-90	-1	0	200
5:Full	231715	0	0	0	65	0	-25	-90	-90	-1	0	200
5:Full	231915	0	0	0	65	0	-25	-90	-90	-1	0	200
5:Full	232115	0	0	0	65	0	-25	-90	-90	-1	0	200
5:Full	232315	0	0	0	57	0	-33	-90	-90	-1	0	200
5:Full	232515	0	0	0	57	0	-33	-90	-90	-1	0	200
5:Full	232715	0	0	0	57	0	-33	-90	-90	-1	0	200
5:Full	232915	0	0	0	57	0	-33	-90	-90	-1	0	200
5:Full	233115	0	0	0	57	0	-33	-90	-90	-1	0	200
5:Full	233315	0	0	0	49	0	-41	-90	-90	-1	0	200
5:Full	233515	0	0	0	49	0	-41	-90	-90	-1	0	200
5:Full	233715	0	0	0	49	0	-41	-90	-90	-1	0	200
5:Full	233915	0	0	0	49	0	-41	-90	-90	-1	0	200
5:Full	234115	0	0	0	49	0	-41	-90	-90	-1	0	200
5:Full	234315	0	0	0	41	0	-49	-90	-90	-1	0	200
5:Full	234515	0	0	0	41	0	-49	-90	-90	-1	0	200
5:Full	234715	0	0	0	41	0	-49	-90	-90	-1	0	200
5:Full	234915	0	0	0	41	0	-49	-90	-90	-1	0	200
5:Full	235115	0	0	0	41	0	-49	-90	-90	-1	0	200
5:Full	235315	0	0	0	32	0	-58	-90	-90	-1	0	200
5:Full	235515	0	0	0	32	0	-58	-90	-90	-1	0	200
5:Full	235715	0	0	0	32	0	-58	-90	-90	-1	0	200
5:Full	235915	0	0	0	32	0	-58	-90	-90	-1	0	200
5:Full	236115	0	0	0	32	0	-58	-90	-90	-1	0	200
5:Full	236318	0	0	0	23	0	-67	-90	-90	-1	0	200
5:Full	236518	0	0	0	23	0	-67	-90	-90	-1	0	200
5:Full	236718	0	0	0	23	0	-67	-90	-90	-1	0	200
5:Full	236918	0	0	0	23	0	-67	-90	-90	-1	0	200
5:Full	237118	0	0	0	23	0	-67	-90	-90	-1	0	200
5:Full	237318	0	0	0	14	0	-76	-90	-90	-1	0	200
5:Full	237532	0	0	0	14	0	-76	-90	-90	-1	0	200
5:Full	237732	0	0	0	14	0	-76	-90	-90	-1	0	200
5:Full	237932	0	0	0	14	0	-76	-90	-90	-1	0	200
5:Full	238132	0	0	0	14	0	-76	-90	-90	-1	0	200
5:Full	238332	0	0	0	5	0	-85	-90	-90	-1	0	200
5:Full	238532	0	0	0	5	0	-85	-90	-90	-1	0	200
5:Full	238732	0	0	0	5	0	-85	-90	-90	-1	0	200
5:Full	238932	0	0	0	5	0	-85	-90	-90	-1	0	200
5:Full	239132	0	0	0	5	0	-85	-90	-90	-1	0	200
5:Full	239332	0	0	0	354	0	264	-90	-90	-1	0	200
5:Full	239532	0	0	0	354	0	264	-90	-90	-1	0	200
5:Full	239732	0	0	0	354	0	264	-90	-90	-1	0	200
5:Full	239932	0	0	0	354	0	264	-90	-90	-1	0	200
5:Full	240132	0	0	0	354	0	264	-90	-90	-1	0	200
5:Full	240332	0	0	0	343	0	253	-90	-90	-1	0	200
5:Full	240532	0	0	0	343	0	253	-90	-90	-1	0	200
5:Full	240732	0	0	0	343	0	253	-90	-90	-1	0	200
5:Full	240932	0	0	0	343	0	253	-90	-90	-1	0	200
5:Full	241132	0	0	0	343	0	253	-90	-90	-1	0	200
5:Full	241332	0	0	0	332	0	242	-90	-90	-1	0	200
5:Full	241532	0	0	0	332	0	242	-90	-90	-1	0	200
5:Full	241732	0	0	0	332	0	242	-90	-90	-1	0	200
5:Full	241932	0	0	0	332	0	242	-90	-90	-1	0	200
5:Full	242132	0	0	0	332	0	242	-90	-90	-1	0	200
5:Full	242332	0	0	0	321	0	231	-90	-90	-1	0	200
5:Full	242532	0	0	0	321	0	231	-90	-90	-1	0	200
5:Full	242732	0	0	0	321	0	231	-90	-90	-1	0	200
5:Full	242932	0	0	0	321	0	231	-90	-90	-1	0	200
5:Full	243132	0	0	0	321	0	231	-90	-90	-1	0	200
5:Full	243334	0	0	0	310	0	310	-90	-90	-1	0	200
5:Full	243534	0	0	0	310	0	310	0	0	0	84	116
5:Full	243735	0	0	0	310	0	310	0	0	0	84	116
5:Full	243945	0	0	0	310	0	310	0	0	0	84	116
5:Full	244146	0	0	0	310	0	310	0	0	0	84	116
5:Full	244347	0	0	0	300	0	300	0	0	0	84	116
5:Full	244548	0	0	0	300	0	300	0	0	0	85	115
5:Full	244749	0	0	0	300	0	300	0	0	0	85	115
5:Full	244950	0	0	0	300	0	300	0	0	0	85	115
5:Full	245150	0	0	0	300	0	300	0	0	0	85	115
5:Full	245351	0	0	0	291	0	291	0	0	0	85	115
5:Full	245553	0	0	0	291	0	291	0	0	0	87	113
5:Full	245756	0	0	0	291	0	291	0	0	0	87	113
5:Full	245957	0	0	0	291	0	291	0	0	0	87	113
5:Full	246158	0	0	0	291	0	291	0	0	0	87	113
5:Full	246359	0	0	0	284	0	284	0	0	0	87	113
5:Full	246559	0	0	0	284	0	284	0	0	0	89	111
5:Full	246760	0	0	0	284	0	284	0	0	0	89	111
5:Full	246961	0	0	0	284	0	284	0	0	0	89	111
5:Full	247161	0	0	0	284	0	284	0	0	0	89	111
5:Full	247362	0	0	0	280	0	280	0	0	0	89	111
5:Full	247563	0	0	0	280	0	280	0	0	0	94	106
5:Full	247763	0	0	0	280	0	280	0	0	0	94	106
5:Full	247964	0	0	0	280	0	280	0	0	0	94	106
5:Full	248165	0	0	0	280	0	280	0	0	0	94	106
5:Full	248367	0	0	0	276	0	276	0	0	0	94	106
5:Full	248567	0	0	0	276	0	276	0	0	0	94	106
5:Full	248768	0	0	0	276	0	276	0	0	0	94	106
5:Full	248968	0	0	0	276	0	276	0	0	0	94	106
5:Full	249169	0	0	0	276	0	276	0	0	0	94	106
5:Full	249370	0	0	0	273	0	273	0	0	0	94	106
5:Full	249571	0	0	0	273	0	273	0	0	0	95	105
5:Full	249772	0	0	0	273	0	273	0	0	0	95	105
5:Full	249972	0	0	0	273	0	273	0	0	0	95	105
5:Full	250173	0	0	0	273	0	273	0	0	0	95	105
5:Full	250375	0	0	0	270	0	270	0	0	0	95	105
5:Full	250575	0	0	0	270	0	270	0	0	0	95	105
5:Full	250775	0	0	0	270	0	270	0	0	0	95	105
5:Full	250976	0	0	0	270	0	270	0	0	0	95	105
5:Full	251177	0	0	0	270	0	270	0	0	0	95	105
5:Full	251377	0	0	0	268	0	178	-90	-90	-1	0	200
5:Full	251577	0	0	0	268	0	178	-90	-90	-1	0	200
5:Full	251777	0	0	0	268	0	178	-90	-90	-1	0	200
5:Full	251977	0	0	0	268	0	178	-90	-90	-1	0	200
5:Full	252177	0	0	0	268	0	178	-90	-90	-1	0	200
5:Full	252377	0	0	0	266	0	176	-90	-90	-1	0	200
5:Full	252577	0	0	0	266	0	176	-90	-90	-1	0	200
5:Full	252777	0	0	0	266	0	176	-90	-90	-1	0	200
5:Full	252977	0	0	0	266	0	176	-90	-90	-1	0	200
5:Full	253177	0	0	0	266	0	176	-90	-90	-1	0	200
5:Full	253377	0	0	0	263	0	173	-90	-90	-1	0	200
5:Full	253577	0	0	0	263	0	173	-90	-90	-1	0	200
5:Full	253777	0	0	0	263	0	173	-90	-90	-1	0	200
5:Full	253977	0	0	0	263	0	173	-90	-90	-1	0	200
5:Full	254177	0	0	0	263	0	173	-90	-90	-1	0	200
5:Full	254377	0	0	0	259	0	169	-90	-90	-1	0	200
5:Full	254577	0	0	0	259	0	169	-90	-90	-1	0	200
5:Full	254777	0	0	0	259	0	169	-90	-90	-1	0	200
5:Full	254977	0	0	0	259	0	169	-90	-90	-1	0	200
5:Full	255177	0	0	0	259	0	169	-90	-90	-1	0	200
5:Full	255377	0	0	0	253	0	163	-90	-90	-1	0	200
5:Full	255577	0	0	0	253	0	163	-90	-90	-1	0	200
5:Full	255777	0	0	0	253	0	163	-90	-90	-1	0	200
5:Full	255977	0	0	0	253	0	163	-90	-90	-1	0	200
5:Full	256177	0	0	0	253	0	163	-90	-90	-1	0	200
5:Full	256377	0	0	0	248	0	158	-90	-90	-1	0	200
5:Full	256590	0	0	0	248	0	158	-90	-90	-1	0	200
5:Full	256802	0	0	0	248	0	158	-90	-90	-1	0	200
5:Full	257004	0	0	0	248	0	248	0	0	0	92	108
5:Full	257206	0	0	0	248	0	248	0	0	0	92	108
5:Full	257408	0	0	0	242	0	242	0	0	0	92	108
5:Full	257611	0	0	0	242	0	242	0	0	0	92	108
5:Full	257812	0	0	0	242	0	242	0	0	0	91	109
5:Full	258013	0	0	0	242	0	242	0	0	0	91	109
5:Full	258213	0	0	0	242	0	242	0	0	0	91	109
5:Full	258414	0	0	0	237	0	237	0	0	0	91	109
5:Full	258615	0	0	0	237	0	237	0	0	0	91	109
5:Full	258817	0	0	0	237	0	237	0	0	0	92	108
5:Full	259020	0	0	0	237	0	237	0	0	0	92	108
5:Full	259221	0	0	0	237	0	237	0	0	0	92	108
5:Full	259422	0	0	0	232	0	232	0	0	0	92	108
5:Full	259622	0	0	0	232	0	232	0	0	0	92	108
5:Full	259823	0	0	0	232	0	232	0	0	0	92	108
5:Full	260024	0	0	0	232	0	232	0	0	0	92	108
5:Full	260225	0	0	0	232	0	232	0	0	0	92	108
5:Full	260426	0	0	0	229	0	229	0	0	0	92	108
5:Full	260627	0	0	0	229	0	229	0	0	0	92	108
5:Full	260828	0	0	0	229	0	229	0	0	0	95	105
5:Full	261031	0	0	0	229	0	229	0	0	0	95	105
5:Full	261232	0	0	0	229	0	229	0	0	0	95	105
5:Full	261434	0	0	0	226	0	226	0	0	0	95	105
5:Full	261634	0	0	0	226	0	226	0	0	0	95	105
5:Full	261835	0	0	0	226	0	226	0	0	0	95	105
5:Full	262036	0	0	0	226	0	226	0	0	0	95	105
5:Full	262236	0	0	0	226	0	226	0	0	0	95	105
5:Full	262437	0	0	0	224	0	224	0	0	0	95	105
5:Full	262638	0	0	0	224	0	224	0	0	0	95	105
5:Full	262839	0	0	0	224	0	224	0	0	0	95	105
5:Full	263040	0	0	0	224	0	224	0	0	0	97	103
5:Full	263240	0	0	0	224	0	224	0	0	0	97	103
5:Full	263441	0	0	0	222	0	222	0	0	0	97	103
5:Full	263643	0	0	0	222	0	222	0	0	0	97	103
5:Full	263846	0	0	0	222	0	222	0	0	0	97	103
5:Full	264047	0	0	0	222	0	222	0	0	0	97	103
5:Full	264248	0	0	0	222	0	222	0	0	0	97	103
5:Full	264449	0	0	0	221	0	221	0	0	0	97	103
5:Full	264649	0	0	0	221	0	221	0	0	0	97	103
5:Full	264849	100	0	0	221	0	221	0	0	0	200	200
5:Full	265049	100	0	0	221	0	221	0	0	0	200	200
5:Full	265249	100	0	0	221	0	221	0	0	0	200	200
5:Full	265449	100	0	0	221	0	221	0	0	0	200	200
5:Full	265649	100	0	0	221	0	221	0	0	0	200	200
5:Full	265849	100	0	0	221	0	221	0	0	0	200	200
5:Full	266049	100	0	0	221	0	221	0	0	0	200	200
5:Full	266249	100	0	0	221	0	221	0	0	0	200	200
5:Full	266449	100	0	0	220	0	220	0	0	0	200	200
5:Full	266649	100	0	0	220	0	220	0	0	0	200	200
5:Full	266849	100	0	0	220	0	220	0	0	0	200	200
5:Full	267049	100	0	0	220	0	220	0	0	0	200	200
5:Full	267249	100	0	0	220	0	220	0	0	0	200	200
5:Full	267449	100	0	0	220	0	220	0	0	0	200	200
5:Full	267649	100	0	0	220	0	220	0	0	0	200	200
5:Full	267849	100	0	0	220	0	220	0	0	0	200	200
5:Full	268049	100	0	0	220	0	220	0	0	0	200	200
5:Full	268249	100	0	0	220	0	220	0	0	0	200	200
5:Full	268449	100	0	0	221	0	221	0	0	0	200	200
5:Full	268649	100	0	0	221	0	221	0	0	0	200	200
5:Full	268849	100	0	0	221	0	221	0	0	0	200	200
5:Full	269049	100	0	0	221	0	221	0	0	0	200	200
5:Full	269249	100	0	0	221	0	221	0	0	0	200	200
5:Full	269449	100	0	0	221	0	221	0	0	0	200	200
5:Full	269649	100	0	0	221	0	221	0	0	0	200	200
5:Full	269849	100	0	0	221	0	221	0	0	0	200	200
5:Full	270049	100	0	0	221	0	221	0	0	0	200	200
5:Full	270249	100	0	0	221	0	221	0	0	0	200	200
5:Full	270449	100	0	0	222	0	222	0	0	0	200	200
5:Full	270649	100	0	0	222	0	222	0	0	0	200	200
5:Full	270849	100	0	0	222	0	222	0	0	0	200	200
5:Full	271049	100	0	0	222	0	222	0	0	0	200	200
5:Full	271249	100	0	0	222	0	222	0	0	0	200	200
5:Full	271462	100	0	0	223	0	223	0	0	0	200	200
5:Full	271675	100	0	0	223	0	223	0	0	0	200	200
5:Full	271875	100	0	0	223	0	223	0	0	0	200	200
5:Full	272075	100	0	0	223	0	223	0	0	0	200	200
5:Full	272275	100	0	0	223	0	223	0	0	0	200	200
5:Full	272475	100	0	0	225	0	225	0	0	0	200	200
5:Full	272675	100	0	0	225	0	225	0	0	0	200	200
5:Full	272875	100	0	0	225	0	225	0	0	0	200	200
5:Full	273075	100	0	0	225	0	225	0	0	0	200	200
5:Full	273275	100	0	0	225	0	225	0	0	0	200	200
5:Full	273475	100	0	0	225	0	225	0	0	0	200	200
5:Full	273675	100	0	0	225	0	225	0	0	0	200	200
5:Full	273875	100	0	0	225	0	225	0	0	0	200	200
5:Full	274075	100	0	0	225	0	225	0	0	0	200	200
5:Full	274275	100	0	0	225	0	225	0	0	0	200	200
5:Full	274475	100	0	0	226	0	226	0	0	0	200	200
5:Full	274675	100	0	0	226	0	226	0	0	0	200	200
5:Full	274875	100	0	0	226	0	226	0	0	0	200	200
5:Full	275075	100	0	0	226	0	226	0	0	0	200	200
5:Full	275275	100	0	0	226	0	226	0	0	0	200	200
5:Full	275475	100	0	0	227	0	227	0	0	0	200	200
5:Full	275675	100	0	0	227	0	227	0	0	0	200	200
5:Full	275875	100	0	0	227	0	227	0	0	0	200	200
5:Full	276075	100	0	0	227	0	227	0	0	0	200	200
5:Full	276275	100	0	0	227	0	227	0	0	0	200	200
5:Full	276475	100	0	0	228	0	228	0	0	0	200	200
5:Full	276675	100	0	0	228	0	228	0	0	0	200	200
5:Full	276875	100	0	0	228	0	228	0	0	0	200	200
5:Full	277075	100	0	0	228	0	228	0	0	0	200	200
5:Full	277275	100	0	0	228	0	228	0	0	0	200	200
5:Full	277475	100	0	0	229	0	229	0	0	0	200	200
5:Full	277675	100	0	0	229	0	229	0	0	0	200	200
5:Full	277875	100	0	0	229	0	229	0	0	0	200	200
5:Full	278075	100	0	0	229	0	229	0	0	0	200	200
5:Full	278275	100	0	0	229	0	229	0	0	0	200	200
5:Full	278475	100	0	0	229	0	229	0	0	0	200	200
5:Full	278675	100	0	0	229	0	229	0	0	0	200	200
5:Full	278888	100	0	0	229	0	229	0	0	0	200	200
5:Full	279088	100	0	0	229	0	229	0	0	0	200	200
5:Full	279288	100	0	0	229	0	229	0	0	0	200	200
5:Full	279488	100	0	0	230	0	230	0	0	0	200	200
5:Full	279688	100	0	0	230	0	230	0	0	0	200	200
5:Full	279888	100	0	0	230	0	230	0	0	0	200	200
5:Full	280088	100	0	0	230	0	230	0	0	0	200	200
5:Full	280288	100	0	0	230	0	230	0	0	0	200	200
5:Full	280488	100	0	0	231	0	231	0	0	0	200	200
5:Full	280688	100	0	0	231	0	231	0	0	0	200	200
5:Full	280888	100	0	0	231	0	231	0	0	0	200	200
5:Full	281088	100	0	0	231	0	231	0	0	0	200	200
5:Full	281288	100	0	0	231	0	231	0	0	0	200	200
5:Full	281488	100	0	0	232	0	232	0	0	0	200	200
5:Full	281688	100	0	0	232	0	232	0	0	0	200	200
5:Full	281888	100	0	0	232	0	232	0	0	0	200	200
5:Full	282088	100	0	0	232	0	232	0	0	0	200	200
5:Full	282288	100	0	0	232	0	232	0	0	0	200	200
5:Full	282488	100	0	0	233	0	233	0	0	0	200	200
5:Full	282688	100	0	0	233	0	233	0	0	0	200	200
5:Full	282888	100	0	0	233	0	233	0	0	0	200	200
5:Full	283088	100	0	0	233	0	233	0	0	0	200	200
5:Full	283288	100	0	0	233	0	233	0	0	0	200	200
5:Full	283488	100	0	0	234	0	234	0	0	0	200	200
5:Full	283688	100	0	0	234	0	234	0	0	0	200	200
5:Full	283888	100	0	0	234	0	234	0	0	0	200	200
5:Full	284088	100	0	0	234	0	234	0	0	0	200	200
5:Full	284288	100	0	0	234	0	234	0	0	0	200	200
5:Full	284488	100	0	0	235	0	235	0	0	0	200	200
5:Full	284688	100	0	0	235	0	235	0	0	0	200	200
5:Full	284888	100	0	0	235	0	235	0	0	0	200	200
5:Full	285088	100	0	0	235	0	235	0	0	0	200	200
5:Full	285288	100	0	0	235	0	235	0	0	0	200	200
5:Full	285488	100	0	0	236	0	236	0	0	0	200	200
5:Full	285688	100	0	0	236	0	236	0	0	0	200	200
5:Full	285888	100	0	0	236	0	236	0	0	0	200	200
5:Full	286088	100	0	0	236	0	236	0	0	0	200	200
5:Full	286288	100	0	0	236	0	236	0	0	0	200	200
5:Full	286488	100	0	0	237	0	237	0	0	0	200	200
5:Full	286688	100	0	0	237	0	237	0	0	0	200	200
5:Full	286888	100	0	0	237	0	237	0	0	0	200	200
5:Full	287088	100	0	0	237	0	237	0	0	0	200	200
5:Full	287288	100	0	0	237	0	237	0	0	0	200	200
5:Full	287488	100	0	0	238	0	238	0	0	0	200	200
5:Full	287702	100	0	0	238	0	238	0	0	0	200	200
5:Full	287913	100	0	0	238	0	238	0	0	0	200	200
5:Full	288113	100	0	0	238	0	238	0	0	0	200	200
5:Full	288313	100	0	0	238	0	238	0	0	0	200	200
5:Full	288513	100	0	0	239	0	239	0	0	0	200	200
5:Full	288713	100	0	0	239	0	239	0	0	0	200	200
5:Full	288913	100	0	0	239	0	239	0	0	0	200	200
5:Full	289114	0	0	0	239	0	239	0	0	0	101	99
5:Full	289314	0	0	0	239	0	239	0	0	0	101	99
5:Full	289515	0	0	0	240	0	240	0	0	0	101	99
5:Full	289717	0	0	0	240	0	240	0	0	0	101	99
5:Full	289921	0	0	0	240	0	240	0	0	0	101	99
5:Full	290121	0	0	0	240	0	240	0	0	0	101	99
5:Full	290322	0	0	0	240	0	240	0	0	0	101	99
5:Full	290524	0	0	0	241	0	241	0	0	0	101	99
5:Full	290727	0	0	0	241	0	241	0	0	0	101	99
5:Full	290928	0	0	0	241	0	241	0	0	0	101	99
5:Full	291129	0	0	0	241	0	241	0	0	0	101	99
5:Full	291330	0	0	0	241	0	241	0	0	0	101	99
5:Full	291530	0	0	0	243	0	243	0	0	0	101	99
5:Full	291731	0	0	0	243	0	243	0	0	0	101	99
5:Full	291932	0	0	0	243	0	243	0	0	0	101	99
5:Full	292132	0	0	0	243	0	243	0	0	0	102	98
5:Full	292333	0	0	0	243	0	243	0	0	0	102	98
5:Full	292535	0	0	0	244	0	244	0	0	0	102	98
5:Full	292736	0	0	0	244	0	244	0	0	0	102	98
5:Full	292939	0	0	0	244	0	244	0	0	0	102	98
5:Full	293140	0	0	0	244	0	244	0	0	0	101	99
5:Full	293341	0	0	0	244	0	244	0	0	0	101	99
5:Full	293541	0	0	0	245	0	245	0	0	0	101	99
5:Full	293742	0	0	0	245	0	245	0	0	0	101	99
5:Full	293943	0	0	0	245	0	245	0	0	0	101	99
5:Full	294144	0	0	0	245	0	245	0	0	0	101	99
5:Full	294344	0	0	0	245	0	245	0	0	0	101	99
5:Full	294546	0	0	0	247	0	247	0	0	0	101	99
5:Full	294747	0	0	0	247	0	247	0	0	0	101	99
5:Full	294947	0	0	0	247	0	247	0	0	0	101	99
5:Full	295147	0	0	0	247	0	247	0	0	0	102	98
5:Full	295349	0	0	0	247	0	247	0	0	0	102	98
5:Full	295549	0	0	0	248	0	248	0	0	0	102	98
5:Full	295750	0	0	0	248	0	248	0	0	0	102	98
5:Full	295951	0	0	0	248	0	248	0	0	0	102	98
5:Full	296152	0	0	0	248	0	248	0	0	0	101	99
5:Full	296352	0	0	0	248	0	248	0	0	0	101	99
5:Full	296554	0	0	0	249	0	249	0	0	0	101	99
5:Full	296755	0	0	0	249	0	249	0	0	0	101	99
5:Full	296958	0	0	0	249	0	249	0	0	0	101	99
5:Full	297159	0	0	0	249	0	249	0	0	0	101	99
5:Full	297360	0	0	0	249	0	249	0	0	0	101	99
5:Full	297561	0	0	0	250	0	250	0	0	0	101	99
5:Full	297761	0	0	0	250	0	250	0	0	0	101	99
5:Full	297962	0	0	0	250	0	250	0	0	0	101	99
5:Full	298163	0	0	0	250	0	250	0	0	0	101	99
5:Full	298363	0	0	0	250	0	250	0	0	0	101	99
5:Full	298565	0	0	0	252	0	252	0	0	0	101	99
5:Full	298766	0	0	0	252	0	252	0	0	0	101	99
