Fri Jul 17 09:45:17 2015
It's time to go fishing with the Dailys!!
Setting up CAN0...
CAN0 init ok!!
K = 	5
I = 	1
D = 	5
BitShift K = 	2
BitShift I = 	10
BitShift D = 	2
#:Mode	Millis	Speed	Lat	Long	Head	Final	Goal	Diff	Sum	Drift	Left	Right
1:Man. 	6193	0	0	0	121	0	121	0	0	0	200	0
1:Man. 	6394	0	0	0	121	0	121	0	0	0	200	0
1:Man. 	6597	0	0	0	121	0	121	0	0	0	200	0
1:Man. 	6797	0	0	0	121	0	121	0	0	0	200	0
1:Man. 	7000	0	0	0	121	0	121	0	0	0	200	0
1:Man. 	7200	0	0	0	121	0	121	0	0	0	100	100
1:Man. 	7402	0	0	0	120	0	121	0	0	0	100	100
1:Man. 	7602	0	0	0	120	0	121	1	4	0	101	99
1:Man. 	7805	0	0	0	121	0	121	0	5	0	100	100
1:Man. 	8008	0	0	0	123	0	121	-2	1	0	97	103
1:Man. 	8208	0	0	0	123	0	121	-2	-5	-1	96	104
1:Man. 	8409	0	0	0	123	0	121	-2	-13	-1	98	102
1:Man. 	8610	0	0	0	123	0	121	-2	-20	-1	98	102
1:Man. 	8811	0	0	0	122	0	121	-1	-25	-1	99	101
1:Man. 	9012	0	0	0	122	0	121	-2	-29	-1	98	102
1:Man. 	9213	0	0	0	124	0	121	-3	-38	-1	97	103
1:Man. 	9414	0	0	0	125	0	121	-4	-51	-1	95	105
1:Man. 	9616	0	0	0	124	0	121	-3	-61	-1	96	104
1:Man. 	9818	0	0	0	124	0	121	-3	-75	-1	96	104
1:Man. 	10019	0	0	0	125	0	121	-4	-90	-1	95	105
1:Man. 	10220	0	0	0	125	0	121	-4	-105	-1	95	105
1:Man. 	10422	0	0	0	125	0	121	-4	-117	-1	95	105
1:Man. 	10624	0	0	0	125	0	121	-4	-133	-1	95	105
1:Man. 	10824	0	0	0	125	0	121	-4	-149	-1	95	105
1:Man. 	11025	0	0	0	125	0	121	-4	-161	-1	95	105
1:Man. 	11226	0	0	0	125	0	121	-4	-177	-1	95	105
1:Man. 	11426	0	0	0	126	0	121	-5	-194	-1	92	108
1:Man. 	11627	0	0	0	125	0	121	-4	-208	-1	94	106
1:Man. 	11829	0	0	0	126	0	121	-5	-227	-1	92	108
1:Man. 	12029	4	0	0	126	0	121	-5	-247	-1	96	112
1:Man. 	12229	8	0	0	126	0	121	-5	-262	-1	99	115
1:Man. 	12429	11	0	0	125	0	121	-4	-281	-1	106	116
1:Man. 	12630	15	0	0	126	0	121	-5	-301	-1	108	122
1:Man. 	12830	19	0	0	126	0	121	-5	-320	-1	112	126
1:Man. 	13043	23	0	0	126	0	121	-5	-340	-1	116	130
1:Man. 	13258	27	0	0	126	0	121	-5	-360	-1	120	134
1:Man. 	13458	31	0	0	126	0	121	-6	-381	-1	122	140
1:Man. 	13658	35	0	0	126	0	121	-5	-401	-1	127	143
1:Man. 	13860	38	0	0	126	0	121	-5	-421	-1	130	146
1:Man. 	14061	38	0	0	126	0	121	-5	-441	-1	130	146
1:Man. 	14262	38	0	0	125	0	121	-5	-455	-1	130	146
1:Man. 	14465	38	0	0	125	0	121	-4	-473	-1	132	144
1:Man. 	14667	41	0	0	126	0	121	-5	-491	-1	133	149
1:Man. 	14867	45	0	0	126	0	121	-5	-510	-1	137	153
1:Man. 	15067	49	0	0	126	0	121	-5	-529	-1	141	157
1:Man. 	15267	53	0	0	125	0	121	-4	-546	-1	147	159
1:Man. 	15467	57	0	0	125	0	121	-4	-563	-1	149	165
1:Man. 	15667	60	0	0	125	0	121	-4	-579	-1	152	168
1:Man. 	15867	60	0	0	124	0	121	-3	-590	-1	153	167
1:Man. 	16067	60	0	0	125	0	121	-4	-606	-1	152	168
1:Man. 	16268	60	0	0	124	0	121	-3	-619	-1	153	167
1:Man. 	16470	60	0	0	124	0	121	-4	-629	-1	154	166
1:Man. 	16675	60	0	0	125	0	121	-4	-643	-1	154	166
1:Man. 	16875	60	0	0	124	0	121	-3	-657	-1	155	165
1:Man. 	17077	60	0	0	124	0	121	-3	-672	-1	155	165
1:Man. 	17277	60	0	0	124	0	121	-3	-685	-1	155	165
1:Man. 	17478	60	0	0	124	0	121	-3	-692	-1	153	167
1:Man. 	17679	60	0	0	123	0	121	-2	-701	-1	154	166
1:Man. 	17881	60	0	0	123	0	121	-1	-706	-1	155	165
1:Man. 	18081	60	0	0	124	0	121	-2	-714	-1	154	166
1:Man. 	18283	60	0	0	124	0	121	-3	-725	-1	153	167
1:Man. 	18483	60	0	0	124	0	121	-3	-737	-1	155	165
1:Man. 	18690	60	0	0	124	0	121	-3	-746	-1	155	165
1:Man. 	18891	60	0	0	122	0	121	-2	-755	-1	156	164
1:Man. 	19093	60	0	0	123	0	121	-1	-759	-1	157	163
1:Man. 	19295	60	0	0	122	0	121	-2	-767	-1	156	164
1:Man. 	19496	60	0	0	123	0	121	-2	-772	-1	156	164
1:Man. 	19698	60	0	0	123	0	121	-2	-780	-1	154	166
1:Man. 	19900	60	0	0	123	0	121	-2	-786	-1	154	166
1:Man. 	20101	60	0	0	123	0	121	-2	-794	-1	154	166
1:Man. 	20302	60	0	0	122	0	121	-1	-799	-1	155	165
1:Man. 	20503	60	0	0	122	0	121	-1	-803	-1	155	165
1:Man. 	20705	60	0	0	123	0	121	-1	-806	-1	155	165
1:Man. 	20909	60	0	0	122	0	121	-1	-813	-1	155	165
1:Man. 	21109	60	0	0	123	0	121	-2	-821	-1	154	166
1:Man. 	21309	60	0	0	123	0	121	-2	-829	-1	154	166
1:Man. 	21510	60	0	0	122	0	121	-1	-832	-1	155	165
1:Man. 	21711	60	0	0	122	0	121	-1	-836	-1	157	163
1:Man. 	21912	60	0	0	121	0	121	0	-837	-1	159	161
1:Man. 	22113	60	0	0	121	0	121	0	-837	-1	159	161
1:Man. 	22313	60	0	0	122	0	121	-1	-839	-1	157	163
1:Man. 	22514	60	0	0	123	0	121	-2	-846	-1	156	164
1:Man. 	22716	60	0	0	123	0	121	-2	-855	-1	157	163
1:Man. 	22917	60	0	0	123	0	121	-2	-861	-1	157	163
1:Man. 	23118	60	0	0	123	0	121	-1	-868	-1	158	162
1:Man. 	23319	60	0	0	121	0	121	-1	-873	-1	158	162
1:Man. 	23521	60	0	0	122	0	121	0	-874	-1	160	160
1:Man. 	23721	60	0	0	122	0	121	0	-875	-1	156	164
1:Man. 	23922	60	0	0	122	0	121	-1	-879	-1	154	166
1:Man. 	24124	60	0	0	123	0	121	-2	-885	-1	153	167
1:Man. 	24326	60	0	0	122	0	121	-1	-891	-1	154	166
1:Man. 	24540	60	0	0	122	0	121	-1	-894	-1	154	166
1:Man. 	24743	60	0	0	122	0	121	-1	-898	-1	158	162
1:Man. 	24944	60	0	0	123	0	121	-1	-901	-1	158	162
1:Man. 	25144	60	0	0	123	0	121	-1	-907	-1	158	162
1:Man. 	25345	60	0	0	123	0	121	-2	-914	-1	157	163
1:Man. 	25547	60	0	0	123	0	121	-2	-920	-1	157	163
1:Man. 	25749	60	0	0	124	0	121	-3	-929	-1	156	164
1:Man. 	25966	60	0	0	123	0	121	-2	-939	-1	157	163
1:Man. 	26168	60	0	0	123	0	121	-2	-947	-1	157	163
1:Man. 	26369	60	0	0	123	0	121	-2	-954	-1	157	163
1:Man. 	26569	60	0	0	122	0	121	-1	-960	-1	158	162
1:Man. 	26771	60	0	0	123	0	121	-2	-965	-1	156	164
1:Man. 	26973	60	0	0	123	0	121	-2	-973	-1	156	164
1:Man. 	27174	60	0	0	123	0	121	-2	-981	-1	156	164
1:Man. 	27375	60	0	0	123	0	121	-2	-987	-1	156	164
1:Man. 	27576	60	0	0	123	0	121	-2	-995	-1	156	164
1:Man. 	27776	60	0	0	123	0	121	-2	-1003	-1	156	164
1:Man. 	27979	60	0	0	123	0	121	-2	-1011	-1	156	164
1:Man. 	28180	60	0	0	123	0	121	-2	-1017	-1	156	164
1:Man. 	28382	60	0	0	124	0	121	-3	-1028	-2	154	166
1:Man. 	28582	60	0	0	124	0	121	-3	-1039	-2	154	166
1:Man. 	28785	60	0	0	124	0	121	-3	-1051	-2	155	165
1:Man. 	28986	60	0	0	123	0	121	-3	-1066	-2	155	165
1:Man. 	29187	60	0	0	123	0	121	-2	-1074	-2	156	164
1:Man. 	29394	60	0	0	123	0	121	-2	-1081	-2	156	164
1:Man. 	29596	60	0	0	124	0	121	-3	-1084	-2	155	165
1:Man. 	29798	60	0	0	124	0	121	-3	-1088	-2	154	166
1:Man. 	29999	60	0	0	125	0	121	-4	-1097	-2	153	167
1:Man. 	30202	60	0	0	124	0	121	-3	-1103	-2	154	166
1:Man. 	30403	60	0	0	123	0	121	-2	-1109	-2	155	165
1:Man. 	30604	60	0	0	123	0	121	-2	-1109	-2	155	165
1:Man. 	30806	60	0	0	124	0	121	-3	-1107	-2	154	166
1:Man. 	31007	60	0	0	124	0	121	-3	-1105	-2	154	166
1:Man. 	31209	60	0	0	125	0	121	-4	-1104	-2	153	167
1:Man. 	31410	60	0	0	125	0	121	-3	-1105	-2	154	166
1:Man. 	31613	60	0	0	125	0	121	-4	-1103	-2	153	167
1:Man. 	31815	60	0	0	124	0	121	-3	-1102	-2	154	166
1:Man. 	32017	60	0	0	124	0	121	-3	-1098	-2	154	166
1:Man. 	32218	60	0	0	124	0	121	-3	-1094	-2	154	166
1:Man. 	32421	60	0	0	124	0	121	-3	-1090	-2	154	166
1:Man. 	32623	60	0	0	124	0	121	-3	-1088	-2	154	166
1:Man. 	32832	60	0	0	124	0	121	-3	-1085	-2	154	166
1:Man. 	33034	60	0	0	124	0	121	-3	-1078	-2	154	166
1:Man. 	33235	60	0	0	124	0	121	-3	-1071	-2	154	166
1:Man. 	33436	60	0	0	125	0	121	-4	-1066	-2	153	167
1:Man. 	33637	60	0	0	124	0	121	-3	-1062	-2	154	166
1:Man. 	33839	60	0	0	124	0	121	-3	-1055	-2	154	166
1:Man. 	34040	60	0	0	123	0	121	-2	-1046	-2	155	165
1:Man. 	34241	60	0	0	124	0	121	-3	-1036	-2	154	166
1:Man. 	34443	60	0	0	124	0	121	-3	-1030	-2	154	166
1:Man. 	34643	60	0	0	125	0	121	-3	-1022	-1	155	165
1:Man. 	34845	60	0	0	125	0	121	-5	-1019	-1	154	166
1:Man. 	35048	60	0	0	125	0	121	-4	-1014	-1	156	164
1:Man. 	35248	60	0	0	124	0	121	-3	-1010	-1	157	163
1:Man. 	35448	60	0	0	124	0	121	-3	-1001	-1	157	163
1:Man. 	35651	60	0	0	123	0	121	-2	-990	-1	158	162
1:Man. 	35853	60	0	0	124	0	121	-2	-982	-1	158	162
1:Man. 	36054	60	0	0	124	0	121	-3	-977	-1	152	168
1:Man. 	36256	60	0	0	125	0	121	-4	-973	-1	151	169
1:Man. 	36457	60	0	0	126	0	121	-5	-971	-1	149	171
1:Man. 	36660	60	0	0	125	0	121	-4	-969	-1	151	169
1:Man. 	36861	60	0	0	123	0	121	-2	-965	-1	153	167
1:Man. 	37063	60	0	0	123	0	121	-2	-955	-1	154	166
1:Man. 	37263	60	0	0	124	0	121	-2	-948	-1	154	166
1:Man. 	37464	60	0	0	124	0	121	-3	-944	-1	153	167
1:Man. 	37664	60	0	0	125	0	121	-4	-942	-1	152	168
1:Man. 	37866	60	0	0	125	0	121	-4	-946	-1	152	168
1:Man. 	38067	60	0	0	125	0	121	-4	-948	-1	156	164
1:Man. 	38269	60	0	0	124	0	121	-3	-947	-1	157	163
1:Man. 	38470	60	0	0	124	0	121	-3	-944	-1	157	163
1:Man. 	38671	60	0	0	124	0	121	-3	-941	-1	157	163
1:Man. 	38873	60	0	0	124	0	121	-3	-938	-1	157	163
1:Man. 	39074	60	0	0	124	0	121	-3	-940	-1	153	167
1:Man. 	39275	60	0	0	125	0	121	-3	-943	-1	153	167
1:Man. 	39477	60	0	0	125	0	121	-4	-952	-1	152	168
1:Man. 	39677	60	0	0	125	0	121	-5	-961	-1	150	170
1:Man. 	39878	60	0	0	125	0	121	-4	-965	-1	152	168
1:Man. 	40079	60	0	0	123	0	121	-2	-964	-1	156	164
1:Man. 	40280	60	0	0	123	0	121	-2	-960	-1	156	164
1:Man. 	40480	60	0	0	123	0	121	-2	-959	-1	156	164
1:Man. 	40682	60	0	0	123	0	121	-2	-962	-1	156	164
1:Man. 	40884	60	0	0	125	0	121	-4	-967	-1	154	166
1:Man. 	41086	60	0	0	126	0	121	-5	-976	-1	154	166
1:Man. 	41288	60	0	0	127	0	121	-6	-990	-1	153	167
1:Man. 	41489	60	0	0	125	0	121	-4	-1000	-1	156	164
1:Man. 	41690	60	0	0	124	0	121	-3	-1007	-1	157	163
1:Man. 	41890	60	0	0	123	0	121	-3	-1013	-1	157	163
1:Man. 	42091	60	0	0	124	0	121	-3	-1018	-1	152	168
1:Man. 	42292	60	0	0	124	0	121	-3	-1024	-1	152	168
1:Man. 	42493	60	0	0	125	0	121	-4	-1030	-2	150	170
1:Man. 	42694	60	0	0	126	0	121	-5	-1038	-2	148	172
1:Man. 	42896	60	0	0	126	0	121	-5	-1052	-2	148	172
1:Man. 	43096	60	0	0	126	0	121	-5	-1069	-2	153	167
1:Man. 	43297	60	0	0	124	0	121	-3	-1081	-2	156	164
1:Man. 	43498	60	0	0	123	0	121	-2	-1089	-2	157	163
1:Man. 	43700	60	0	0	123	0	121	-3	-1098	-2	156	164
1:Man. 	43901	60	0	0	124	0	121	-3	-1105	-2	156	164
1:Man. 	44102	60	0	0	126	0	121	-5	-1114	-2	151	169
1:Man. 	44313	60	0	0	126	0	121	-5	-1121	-2	151	169
1:Man. 	44514	60	0	0	127	0	121	-6	-1136	-2	150	170
1:Man. 	44716	60	0	0	127	0	121	-6	-1152	-2	150	170
1:Man. 	44917	60	0	0	125	0	121	-4	-1168	-2	153	167
1:Man. 	45118	60	0	0	124	0	121	-3	-1180	-2	151	169
1:Man. 	45319	60	0	0	124	0	121	-3	-1188	-2	151	169
1:Man. 	45521	60	0	0	125	0	121	-4	-1199	-2	150	170
1:Man. 	45722	60	0	0	126	0	121	-5	-1209	-2	148	172
1:Man. 	45924	60	0	0	126	0	121	-5	-1226	-2	148	172
1:Man. 	46125	60	0	0	126	0	121	-5	-1240	-2	148	172
1:Man. 	46326	60	0	0	125	0	121	-4	-1254	-2	155	165
1:Man. 	46528	60	0	0	124	0	121	-3	-1264	-2	156	164
1:Man. 	46729	60	0	0	124	0	121	-3	-1269	-2	156	164
1:Man. 	46930	60	0	0	125	0	121	-4	-1276	-2	155	165
1:Man. 	47131	60	0	0	126	0	121	-5	-1286	-2	153	167
1:Man. 	47333	60	0	0	127	0	121	-6	-1298	-2	150	170
1:Man. 	47533	60	0	0	126	0	121	-6	-1308	-2	150	170
1:Man. 	47733	60	0	0	126	0	121	-5	-1320	-2	151	169
1:Man. 	47935	60	0	0	125	0	121	-4	-1330	-2	153	167
1:Man. 	48136	60	0	0	125	0	121	-4	-1337	-2	153	167
1:Man. 	48336	60	0	0	126	0	121	-4	-1348	-2	151	169
1:Man. 	48536	60	0	0	126	0	121	-5	-1359	-2	149	171
1:Man. 	48737	60	0	0	126	0	121	-4	-1370	-2	151	169
1:Man. 	48937	60	0	0	126	0	121	-4	-1378	-2	151	169
1:Man. 	49137	60	0	0	126	0	121	-5	-1390	-2	149	171
1:Man. 	49338	60	0	0	125	0	121	-4	-1400	-2	153	167
1:Man. 	49540	60	0	0	125	0	121	-4	-1409	-2	153	167
1:Man. 	49757	60	0	0	125	0	121	-4	-1415	-2	153	167
1:Man. 	49958	60	0	0	125	0	121	-4	-1420	-2	153	167
1:Man. 	50159	60	0	0	125	0	121	-4	-1425	-2	153	167
1:Man. 	50360	60	0	0	126	0	121	-5	-1431	-2	151	169
1:Man. 	50562	60	0	0	126	0	121	-5	-1439	-2	151	169
1:Man. 	50762	60	0	0	126	0	121	-5	-1448	-2	151	169
1:Man. 	50965	60	0	0	126	0	121	-5	-1462	-2	151	169
1:Man. 	51167	60	0	0	125	0	121	-4	-1471	-2	153	167
1:Man. 	51369	60	0	0	124	0	121	-4	-1474	-2	153	167
1:Man. 	51570	60	0	0	124	0	121	-3	-1473	-2	154	166
1:Man. 	51771	60	0	0	123	0	121	-2	-1469	-2	155	165
1:Man. 	51971	60	0	0	125	0	121	-4	-1472	-2	153	167
1:Man. 	52171	60	0	0	126	0	121	-5	-1482	-2	151	169
1:Man. 	52372	60	0	0	127	0	121	-6	-1495	-2	152	168
1:Man. 	52572	60	0	0	126	0	121	-5	-1504	-2	153	167
1:Man. 	52772	60	0	0	125	0	121	-4	-1508	-2	155	165
1:Man. 	52973	60	0	0	124	0	121	-3	-1506	-2	156	164
1:Man. 	53174	60	0	0	124	0	121	-3	-1505	-2	156	164
1:Man. 	53374	60	0	0	125	0	121	-4	-1503	-2	149	171
1:Man. 	53576	60	0	0	126	0	121	-5	-1508	-2	147	173
1:Man. 	53784	60	0	0	127	0	121	-6	-1517	-2	146	174
1:Man. 	53986	60	0	0	126	0	121	-5	-1528	-2	147	173
1:Man. 	54187	60	0	0	124	0	121	-4	-1533	-2	149	171
1:Man. 	54388	60	0	0	124	0	121	-3	-1533	-2	154	166
1:Man. 	54590	60	0	0	124	0	121	-3	-1533	-2	154	166
1:Man. 	54792	60	0	0	125	0	121	-4	-1535	-2	153	167
1:Man. 	54992	60	0	0	126	0	121	-5	-1539	-2	151	169
1:Man. 	55193	60	0	0	127	0	121	-6	-1543	-2	150	170
1:Man. 	55395	60	0	0	126	0	121	-5	-1552	-2	153	167
1:Man. 	55596	60	0	0	125	0	121	-4	-1556	-2	155	165
1:Man. 	55797	60	0	0	125	0	121	-4	-1562	-2	155	165
1:Man. 	55997	60	0	0	125	0	121	-4	-1563	-2	155	165
1:Man. 	56198	60	0	0	126	0	121	-5	-1567	-2	153	167
1:Man. 	56399	60	0	0	126	0	121	-5	-1571	-2	151	169
1:Man. 	56601	60	0	0	127	0	121	-6	-1576	-2	150	170
1:Man. 	56803	60	0	0	126	0	121	-5	-1579	-2	151	169
1:Man. 	57004	60	0	0	125	0	121	-4	-1587	-2	153	167
1:Man. 	57204	60	0	0	124	0	121	-4	-1593	-2	153	167
1:Man. 	57406	60	0	0	125	0	121	-4	-1598	-2	151	169
1:Man. 	57609	60	0	0	126	0	121	-4	-1601	-2	151	169
1:Man. 	57809	60	0	0	127	0	121	-6	-1609	-2	148	172
1:Man. 	58011	60	0	0	128	0	121	-7	-1618	-2	147	173
1:Man. 	58213	60	0	0	127	0	121	-6	-1623	-2	148	172
1:Man. 	58414	60	0	0	125	0	121	-4	-1627	-2	151	169
1:Man. 	58614	60	0	0	125	0	121	-4	-1638	-2	154	166
1:Man. 	58816	60	0	0	125	0	121	-4	-1647	-2	154	166
1:Man. 	59019	60	0	0	126	0	121	-5	-1653	-2	152	168
1:Man. 	59219	60	0	0	127	0	121	-6	-1664	-2	151	169
1:Man. 	59422	60	0	0	127	0	121	-6	-1672	-2	151	169
1:Man. 	59623	60	0	0	127	0	121	-6	-1678	-2	151	169
1:Man. 	59825	60	0	0	126	0	121	-5	-1684	-2	152	168
1:Man. 	60027	60	0	0	127	0	121	-6	-1696	-2	151	169
1:Man. 	60228	60	0	0	126	0	121	-5	-1707	-2	152	168
1:Man. 	60429	60	0	0	126	0	121	-6	-1718	-2	151	169
1:Man. 	60630	60	0	0	127	0	121	-6	-1728	-2	148	172
1:Man. 	60830	60	0	0	126	0	121	-5	-1736	-2	149	171
1:Man. 	61030	60	0	0	126	0	121	-5	-1739	-2	149	171
1:Man. 	61241	60	0	0	127	0	121	-6	-1744	-2	148	172
1:Man. 	61443	60	0	0	127	0	121	-6	-1751	-2	148	172
1:Man. 	61644	60	0	0	128	0	121	-7	-1766	-2	150	170
1:Man. 	61845	60	0	0	127	0	121	-6	-1784	-2	151	169
1:Man. 	62047	60	0	0	126	0	121	-5	-1796	-2	152	168
1:Man. 	62248	60	0	0	125	0	121	-5	-1808	-2	152	168
1:Man. 	62449	60	0	0	126	0	121	-5	-1813	-2	152	168
1:Man. 	62666	60	0	0	127	0	121	-6	-1815	-2	148	172
1:Man. 	62866	60	0	0	127	0	121	-6	-1816	-2	148	172
1:Man. 	63068	60	0	0	128	0	121	-7	-1825	-2	147	173
1:Man. 	63286	60	0	0	127	0	121	-6	-1837	-2	148	172
1:Man. 	63486	60	0	0	127	0	121	-6	-1850	-2	148	172
1:Man. 	63688	60	0	0	127	0	121	-6	-1861	-2	151	169
1:Man. 	63890	60	0	0	126	0	121	-6	-1874	-2	151	169
1:Man. 	64091	60	0	0	127	0	121	-6	-1882	-2	151	169
1:Man. 	64291	60	0	0	126	0	121	-5	-1884	-2	152	168
1:Man. 	64492	60	0	0	126	0	121	-5	-1882	-2	152	168
1:Man. 	64692	60	0	0	126	0	121	-5	-1882	-2	149	171
1:Man. 	64892	60	0	0	127	0	121	-6	-1889	-2	148	172
1:Man. 	65094	60	0	0	126	0	121	-5	-1897	-2	149	171
1:Man. 	65296	60	0	0	126	0	121	-5	-1908	-2	149	171
1:Man. 	65498	60	0	0	126	0	121	-5	-1916	-2	149	171
1:Man. 	65700	60	0	0	126	0	121	-5	-1920	-2	151	169
1:Man. 	65901	60	0	0	127	0	121	-5	-1921	-2	151	169
1:Man. 	66103	60	0	0	127	0	121	-6	-1922	-2	150	170
1:Man. 	66304	60	0	0	128	0	121	-7	-1926	-2	149	171
1:Man. 	66505	60	0	0	126	0	121	-5	-1928	-2	151	169
1:Man. 	66723	60	0	0	125	0	121	-4	-1932	-2	151	169
1:Man. 	66923	60	0	0	125	0	121	-4	-1936	-2	151	169
1:Man. 	67125	60	0	0	125	0	121	-4	-1937	-2	151	169
1:Man. 	67329	60	0	0	125	0	121	-4	-1935	-2	151	169
1:Man. 	67531	60	0	0	126	0	121	-5	-1932	-2	149	171
1:Man. 	67733	60	0	0	126	0	121	-5	-1930	-2	152	168
1:Man. 	67934	60	0	0	126	0	121	-5	-1932	-2	152	168
1:Man. 	68147	60	0	0	125	0	121	-4	-1937	-2	154	166
1:Man. 	68350	60	0	0	124	0	121	-3	-1940	-2	155	165
1:Man. 	68551	60	0	0	124	0	121	-3	-1939	-2	155	165
1:Man. 	68753	60	0	0	124	0	121	-3	-1933	-2	151	169
1:Man. 	68953	60	0	0	125	0	121	-4	-1926	-2	150	170
1:Man. 	69153	60	0	0	125	0	121	-4	-1921	-2	150	170
1:Man. 	69353	60	0	0	125	0	121	-4	-1917	-2	150	170
1:Man. 	69554	60	0	0	126	0	121	-5	-1917	-2	148	172
1:Man. 	69755	60	0	0	125	0	121	-4	-1918	-2	154	166
1:Man. 	69955	60	0	0	124	0	121	-4	-1915	-2	154	166
1:Man. 	70156	60	0	0	125	0	121	-4	-1912	-2	154	166
1:Man. 	70356	60	0	0	124	0	121	-4	-1908	-2	154	166
1:Man. 	70557	60	0	0	124	0	121	-3	-1902	-2	155	165
1:Man. 	70759	60	0	0	124	0	121	-3	-1894	-2	152	168
1:Man. 	70961	60	0	0	124	0	121	-3	-1890	-2	152	168
1:Man. 	71161	60	0	0	124	0	121	-3	-1885	-2	152	168
1:Man. 	71361	60	0	0	124	0	121	-3	-1881	-2	152	168
1:Man. 	71561	60	0	0	124	0	121	-3	-1878	-2	152	168
1:Man. 	71763	60	0	0	123	0	121	-2	-1873	-2	153	167
1:Man. 	71965	60	0	0	123	0	121	-2	-1863	-2	153	167
1:Man. 	72165	60	0	0	124	0	121	-2	-1856	-2	153	167
1:Man. 	72366	60	0	0	125	0	121	-4	-1849	-2	151	169
1:Man. 	72566	60	0	0	124	0	121	-3	-1839	-2	152	168
1:Man. 	72767	60	0	0	123	0	121	-2	-1831	-2	153	167
1:Man. 	72968	60	0	0	123	0	121	-2	-1825	-2	155	165
1:Man. 	73168	60	0	0	122	0	121	-1	-1817	-2	156	164
1:Man. 	73369	60	0	0	122	0	121	-2	-1811	-2	155	165
1:Man. 	73570	60	0	0	123	0	121	-2	-1805	-2	155	165
1:Man. 	73772	60	0	0	123	0	121	-2	-1795	-2	155	165
1:Man. 	73973	60	0	0	123	0	121	-2	-1781	-2	155	165
1:Man. 	74175	60	0	0	123	0	121	-2	-1768	-2	155	165
1:Man. 	74376	60	0	0	123	0	121	-2	-1757	-2	155	165
1:Man. 	74579	60	0	0	122	0	121	-1	-1750	-2	156	164
1:Man. 	74781	60	0	0	121	0	121	-1	-1743	-2	156	164
1:Man. 	74983	60	0	0	121	0	121	0	-1732	-2	156	164
1:Man. 	75184	60	0	0	121	0	121	0	-1715	-2	156	164
1:Man. 	75387	60	0	0	122	0	121	0	-1699	-2	156	164
1:Man. 	75587	60	0	0	122	0	121	-1	-1680	-2	154	166
1:Man. 	75787	60	0	0	122	0	121	-1	-1666	-2	154	166
1:Man. 	75988	60	0	0	123	0	121	-2	-1662	-2	156	164
1:Man. 	76189	60	0	0	122	0	121	-1	-1657	-2	157	163
1:Man. 	76390	60	0	0	121	0	121	0	-1645	-2	159	161
1:Man. 	76591	60	0	0	121	0	121	0	-1632	-2	159	161
1:Man. 	76792	60	0	0	121	0	121	0	-1611	-2	159	161
1:Man. 	76994	60	0	0	122	0	121	-1	-1591	-2	153	167
1:Man. 	77195	60	0	0	122	0	121	-1	-1579	-2	153	167
1:Man. 	77395	60	0	0	122	0	121	-1	-1573	-2	153	167
1:Man. 	77596	60	0	0	123	0	121	-1	-1565	-2	153	167
1:Man. 	77797	60	0	0	122	0	121	-1	-1553	-2	153	167
1:Man. 	77998	60	0	0	122	0	121	-1	-1542	-2	157	163
1:Man. 	78198	60	0	0	122	0	121	-1	-1525	-2	157	163
1:Man. 	78400	60	0	0	122	0	121	-1	-1507	-2	157	163
1:Man. 	78600	60	0	0	121	0	121	0	-1492	-2	159	161
1:Man. 	78801	60	0	0	122	0	121	0	-1479	-2	159	161
1:Man. 	79003	60	0	0	122	0	121	-1	-1470	-2	156	164
1:Man. 	79203	60	0	0	123	0	121	-2	-1461	-2	155	165
1:Man. 	79405	60	0	0	124	0	121	-3	-1453	-2	154	166
1:Man. 	79607	60	0	0	124	0	121	-3	-1441	-2	154	166
1:Man. 	79808	60	0	0	123	0	121	-2	-1425	-2	155	165
1:Man. 	80009	60	0	0	122	0	121	-1	-1414	-2	156	164
1:Man. 	80209	60	0	0	122	0	121	0	-1398	-2	158	162
1:Man. 	80410	60	0	0	122	0	121	-1	-1386	-2	156	164
1:Man. 	80610	60	0	0	123	0	121	-2	-1376	-2	155	165
1:Man. 	80817	60	0	0	124	0	121	-3	-1367	-2	154	166
1:Man. 	81018	60	0	0	125	0	121	-3	-1357	-2	154	166
1:Man. 	81220	60	0	0	124	0	121	-3	-1346	-2	157	163
1:Man. 	81422	60	0	0	123	0	121	-2	-1334	-2	158	162
1:Man. 	81623	60	0	0	123	0	121	-2	-1319	-2	158	162
1:Man. 	81823	60	0	0	123	0	121	-1	-1306	-2	159	161
1:Man. 	82025	60	0	0	124	0	121	-2	-1291	-2	158	162
1:Man. 	82240	60	0	0	124	0	121	-3	-1281	-2	152	168
1:Man. 	82442	60	0	0	124	0	121	-3	-1274	-2	152	168
1:Man. 	82643	60	0	0	124	0	121	-3	-1268	-2	152	168
1:Man. 	82843	60	0	0	124	0	121	-3	-1257	-2	152	168
1:Man. 	83044	60	0	0	123	0	121	-2	-1247	-2	153	167
1:Man. 	83245	60	0	0	124	0	121	-3	-1230	-2	152	168
1:Man. 	83445	60	0	0	124	0	121	-3	-1216	-2	152	168
1:Man. 	83645	60	0	0	125	0	122	-3	-3	-1	200	200
1:Man. 	83845	60	0	0	125	0	125	-1	-3	-1	200	200
1:Man. 	84045	60	0	0	124	0	128	4	-3	-1	200	200
1:Man. 	84245	60	0	0	123	0	132	9	-3	-1	200	199
1:Man. 	84445	60	0	0	123	0	135	12	-3	-1	200	195
1:Man. 	84659	60	0	0	125	0	138	13	-3	-1	200	194
1:Man. 	84859	60	0	0	125	0	141	16	-3	-1	200	190
1:Man. 	85059	60	0	0	125	0	145	19	-3	-1	200	187
1:Man. 	85259	60	0	0	126	0	148	21	-3	-1	200	184
1:Man. 	85459	60	0	0	126	0	151	24	-3	-1	200	180
1:Man. 	85666	60	0	0	126	0	154	28	-3	-1	200	175
1:Man. 	85866	60	0	0	126	0	157	31	-3	-1	200	172
1:Man. 	86066	60	0	0	125	0	161	35	-3	-1	200	167
1:Man. 	86266	60	0	0	126	0	164	38	-3	-1	200	163
1:Man. 	86466	60	0	0	127	0	167	40	-3	-1	200	160
1:Man. 	86667	60	0	0	128	0	169	41	-3	-1	200	109
1:Man. 	86868	60	0	0	129	0	169	40	-3	-1	200	110
1:Man. 	87068	60	0	0	129	0	169	40	-3	-1	200	110
1:Man. 	87270	60	0	0	128	0	169	41	-3	-1	200	108
1:Man. 	87472	60	0	0	129	0	169	41	-3	-1	200	108
1:Man. 	87674	60	0	0	129	0	169	40	-3	-1	200	109
1:Man. 	87874	60	0	0	130	0	171	40	-3	-1	200	159
1:Man. 	88074	60	0	0	132	0	174	43	-3	-1	200	156
1:Man. 	88274	60	0	0	133	0	177	44	-3	-1	200	150
1:Man. 	88474	60	0	0	134	0	181	47	-3	-1	200	147
1:Man. 	88674	60	0	0	134	0	184	50	-3	-1	200	143
1:Man. 	88877	60	0	0	135	0	186	51	-3	-1	200	92
1:Man. 	89079	60	0	0	136	0	186	51	-3	-1	200	92
1:Man. 	89282	60	0	0	136	0	186	50	-3	-1	200	96
1:Man. 	89482	60	0	0	138	0	186	49	-3	-1	200	97
1:Man. 	89683	60	0	0	138	0	186	48	-3	-1	200	98
1:Man. 	89885	60	0	0	140	0	186	46	-3	-1	200	101
1:Man. 	90085	60	0	0	141	0	186	45	-3	-1	200	102
1:Man. 	90288	60	0	0	142	0	186	44	-3	-1	200	103
1:Man. 	90490	60	0	0	143	0	186	43	-3	-1	200	101
1:Man. 	90690	60	0	0	144	0	186	42	-3	-1	200	102
1:Man. 	90890	60	0	0	146	0	186	41	-3	-1	200	103
1:Man. 	91092	60	0	0	147	0	186	39	-3	-1	200	106
1:Man. 	91294	60	0	0	148	0	186	38	-3	-1	200	107
1:Man. 	91497	60	0	0	150	0	186	36	-3	-1	200	109
1:Man. 	91699	60	0	0	151	0	186	35	-3	-1	200	111
1:Man. 	91900	60	0	0	152	0	186	34	-3	-1	200	112
1:Man. 	92101	60	0	0	153	0	186	33	-3	-1	200	113
1:Man. 	92303	60	0	0	155	0	186	31	-3	-1	200	116
1:Man. 	92503	60	0	0	155	0	186	31	-3	-1	200	115
1:Man. 	92705	60	0	0	156	0	186	30	-3	-1	200	116
1:Man. 	92907	60	0	0	158	0	186	29	-3	-1	200	117
1:Man. 	93107	60	0	0	159	0	186	27	-3	-1	200	120
1:Man. 	93309	60	0	0	161	0	186	25	26	0	199	121
1:Man. 	93510	60	0	0	162	0	186	24	125	0	197	123
1:Man. 	93711	60	0	0	164	0	186	22	193	0	194	126
1:Man. 	93912	60	0	0	166	0	186	20	277	0	192	128
1:Man. 	94113	60	0	0	167	0	186	19	354	0	190	130
1:Man. 	94324	60	0	0	168	0	186	18	428	0	189	131
1:Man. 	94524	60	0	0	168	0	186	18	500	0	190	130
1:Man. 	94726	60	0	0	169	0	186	17	553	0	189	131
1:Man. 	94926	60	0	0	171	0	186	15	618	0	186	134
1:Man. 	95127	60	0	0	173	0	186	14	676	0	185	135
1:Man. 	95328	60	0	0	174	0	186	12	725	0	183	137
1:Man. 	95528	60	0	0	177	0	186	9	755	0	179	141
1:Man. 	95728	60	0	0	177	0	186	9	791	0	179	141
1:Man. 	95930	60	0	0	178	0	186	8	825	0	178	142
1:Man. 	96131	60	0	0	179	0	186	8	857	0	178	142
1:Man. 	96331	60	0	0	180	0	186	7	878	0	176	144
1:Man. 	96531	60	0	0	181	0	186	5	900	0	172	148
1:Man. 	96732	60	0	0	183	0	186	3	917	0	169	151
1:Man. 	96932	60	0	0	185	0	186	2	927	0	168	152
1:Man. 	97133	60	0	0	186	0	186	0	929	0	166	154
1:Man. 	97334	60	0	0	186	0	186	0	930	0	166	154
1:Man. 	97534	60	0	0	187	0	186	-1	928	0	165	155
1:Man. 	97734	60	0	0	187	0	186	-1	924	0	165	155
1:Man. 	97935	60	0	0	189	0	186	-3	915	0	163	157
1:Man. 	98137	60	0	0	190	0	186	-4	901	0	162	158
1:Man. 	98337	60	0	0	191	0	186	-5	886	0	160	160
1:Man. 	98539	60	0	0	192	0	186	-6	864	0	159	161
1:Man. 	98739	60	0	0	194	0	186	-7	837	0	158	162
1:Man. 	98939	60	0	0	194	0	186	-8	805	0	157	163
1:Man. 	99141	60	0	0	195	0	186	-8	780	0	157	163
1:Man. 	99342	60	0	0	195	0	186	-9	744	0	155	165
1:Man. 	99543	60	0	0	195	0	186	-9	708	0	151	169
1:Man. 	99746	60	0	0	196	0	186	-10	670	0	150	170
1:Man. 	99946	60	0	0	197	0	186	-11	638	0	149	171
1:Man. 	100148	60	0	0	198	0	186	-12	591	0	148	172
1:Man. 	100348	60	0	0	199	0	186	-13	540	0	146	174
1:Man. 	100548	60	0	0	200	0	186	-14	500	0	148	172
1:Man. 	100749	60	0	0	200	0	186	-14	444	0	148	172
1:Man. 	100950	60	0	0	200	0	186	-14	388	0	148	172
1:Man. 	101151	60	0	0	200	0	186	-14	346	0	148	172
1:Man. 	101353	60	0	0	200	0	186	-14	290	0	148	172
1:Man. 	101553	60	0	0	200	0	186	-14	234	0	142	178
1:Man. 	101753	60	0	0	202	0	186	-16	188	0	140	180
1:Man. 	101954	60	0	0	202	0	186	-16	124	0	140	180
1:Man. 	102156	60	0	0	203	0	186	-17	58	0	138	182
1:Man. 	102356	60	0	0	203	0	186	-17	-10	-1	137	183
1:Man. 	102556	60	0	0	203	0	186	-17	-61	-1	137	183
1:Man. 	102757	60	0	0	203	0	186	-17	-128	-1	140	180
1:Man. 	102958	60	0	0	203	0	186	-17	-196	-1	140	180
1:Man. 	103159	60	0	0	203	0	186	-17	-263	-1	140	180
1:Man. 	103359	60	0	0	203	0	186	-17	-314	-1	140	180
1:Man. 	103560	60	0	0	203	0	186	-17	-382	-1	140	180
1:Man. 	103760	60	0	0	203	0	186	-18	-452	-1	136	184
1:Man. 	103961	60	0	0	203	0	186	-17	-522	-1	137	183
1:Man. 	104163	60	0	0	203	0	186	-17	-590	-1	137	183
1:Man. 	104363	60	0	0	202	0	186	-16	-639	-1	139	181
1:Man. 	104563	60	0	0	202	0	186	-16	-703	-1	139	181
1:Man. 	104764	60	0	0	203	0	186	-17	-768	-1	135	185
1:Man. 	104965	60	0	0	202	0	186	-17	-818	-1	135	185
1:Man. 	105166	60	0	0	202	0	186	-16	-883	-1	137	183
1:Man. 	105367	60	0	0	202	0	186	-16	-947	-1	137	183
1:Man. 	105567	60	0	0	201	0	186	-15	-994	-1	138	182
1:Man. 	105769	60	0	0	201	0	186	-15	-1054	-2	137	183
1:Man. 	105971	60	0	0	200	0	186	-14	-1113	-2	138	182
1:Man. 	106173	60	0	0	200	0	186	-14	-1155	-2	138	182
1:Man. 	106374	60	0	0	200	0	186	-14	-1211	-2	138	182
1:Man. 	106574	60	0	0	199	0	186	-13	-1266	-2	139	181
1:Man. 	106776	60	0	0	199	0	186	-14	-1322	-2	138	182
1:Man. 	106976	60	0	0	200	0	186	-14	-1362	-2	138	182
1:Man. 	107176	60	0	0	199	0	186	-13	-1414	-2	139	181
1:Man. 	107377	60	0	0	199	0	186	-13	-1466	-2	139	181
1:Man. 	107578	60	0	0	198	0	186	-13	-1505	-2	139	181
1:Man. 	107779	60	0	0	198	0	186	-12	-1553	-2	140	180
1:Man. 	107980	60	0	0	197	0	186	-11	-1598	-2	141	179
1:Man. 	108181	60	0	0	196	0	186	-11	-1631	-2	141	179
1:Man. 	108382	60	0	0	196	0	186	-10	-1671	-2	142	178
1:Man. 	108583	60	0	0	195	0	186	-9	-1708	-2	143	177
1:Man. 	108784	60	0	0	195	0	186	-9	-1735	-2	142	178
1:Man. 	108985	60	0	0	194	0	186	-9	-1771	-2	142	178
1:Man. 	109185	60	0	0	194	0	186	-8	-1803	-2	144	176
1:Man. 	109385	60	0	0	193	0	186	-7	-1834	-2	145	175
1:Man. 	109587	60	0	0	193	0	186	-7	-1857	-2	145	175
1:Man. 	109788	60	0	0	193	0	186	-7	-1886	-2	146	174
1:Man. 	109988	60	0	0	192	0	186	-6	-1911	-2	147	173
1:Man. 	110190	60	0	0	191	0	186	-5	-1928	-2	148	172
1:Man. 	110391	60	0	0	191	0	186	-5	-1948	-2	148	172
1:Man. 	110592	60	0	0	190	0	186	-4	-1964	-2	150	170
1:Man. 	110793	60	0	0	189	0	186	-3	-1978	-2	149	171
1:Man. 	110993	60	0	0	189	0	186	-3	-1988	-2	149	171
1:Man. 	111194	60	0	0	189	0	186	-3	-1999	-2	149	171
1:Man. 	111394	60	0	0	188	0	186	-2	-2007	-2	150	170
1:Man. 	111594	60	0	0	187	0	186	-1	-2010	-2	151	169
1:Man. 	111797	60	0	0	186	0	186	0	-2012	-2	153	167
1:Man. 	111997	60	0	0	186	0	186	0	-2012	-2	154	166
1:Man. 	112198	60	0	0	186	0	186	0	-2012	-2	154	166
1:Man. 	112399	60	0	0	185	0	186	1	-2010	-2	155	165
1:Man. 	112600	60	0	0	185	0	186	1	-2006	-2	155	165
1:Man. 	112803	60	0	0	184	0	186	2	-1999	-2	156	164
1:Man. 	113003	60	0	0	183	0	186	3	-1990	-2	157	163
1:Man. 	113203	60	0	0	181	0	186	4	-1975	-2	159	161
1:Man. 	113403	60	0	0	181	0	186	5	-1955	-2	160	160
1:Man. 	113606	60	0	0	180	0	186	6	-1933	-2	161	159
1:Man. 	113807	60	0	0	181	0	186	5	-1917	-2	160	160
1:Man. 	114009	60	0	0	180	0	186	6	-1893	-2	161	159
1:Man. 	114224	60	0	0	179	0	186	7	-1868	-2	162	158
1:Man. 	114424	60	0	0	178	0	186	8	-1846	-2	164	156
1:Man. 	114624	60	0	0	177	0	186	8	-1814	-2	164	156
1:Man. 	114825	60	0	0	176	0	186	10	-1777	-2	166	154
1:Man. 	115026	60	0	0	176	0	186	9	-1815	-2	165	155
1:Man. 	115227	60	0	0	176	0	186	10	-1871	-2	166	154
1:Man. 	115427	60	0	0	176	0	186	10	-1905	-2	166	154
1:Man. 	115628	60	0	0	175	0	186	11	-1943	-2	167	153
1:Man. 	115829	60	0	0	174	0	186	12	-1973	-2	169	151
1:Man. 	116030	60	0	0	173	0	186	13	-1994	-2	169	151
1:Man. 	116231	60	0	0	172	0	186	14	-2009	-2	170	150
1:Man. 	116431	60	0	0	173	0	186	13	-2023	-2	169	151
1:Man. 	116632	60	0	0	172	0	186	14	-2029	-2	170	150
1:Man. 	116834	60	0	0	173	0	186	13	-2030	-2	169	151
1:Man. 	117035	60	0	0	172	0	186	14	-2025	-2	175	145
1:Man. 	117235	60	0	0	171	0	186	14	-2005	-2	175	145
1:Man. 	117437	60	0	0	170	0	186	15	-1981	-2	176	144
1:Man. 	117639	60	0	0	170	0	186	16	-1950	-2	178	142
1:Man. 	117839	60	0	0	170	0	186	16	-1926	-2	178	142
1:Man. 	118041	60	0	0	170	0	186	16	-1888	-2	174	146
1:Man. 	118243	60	0	0	169	0	186	17	-1843	-2	175	145
1:Man. 	118445	60	0	0	169	0	186	17	-1802	-2	175	145
1:Man. 	118646	60	0	0	169	0	186	17	-1742	-2	175	145
1:Man. 	118847	60	0	0	169	0	186	18	-1674	-2	176	144
1:Man. 	119048	60	0	0	169	0	186	17	-1605	-2	177	143
1:Man. 	119251	60	0	0	168	0	186	18	-1530	-2	178	142
1:Man. 	119453	60	0	0	168	0	186	18	-1471	-2	178	142
1:Man. 	119654	60	0	0	168	0	186	18	-1388	-2	178	142
1:Man. 	119856	60	0	0	168	0	186	18	-1299	-2	178	142
1:Man. 	120057	60	0	0	169	0	186	17	-1208	-2	179	141
1:Man. 	120271	60	0	0	168	0	186	17	-1136	-2	179	141
1:Man. 	120473	60	0	0	168	0	186	18	-1034	-2	180	140
1:Man. 	120674	60	0	0	167	0	186	19	-926	-1	182	138
1:Man. 	120875	60	0	0	168	0	186	18	-816	-1	181	139
1:Man. 	121076	60	0	0	168	0	186	18	-708	-1	179	141
1:Man. 	121277	60	0	0	168	0	186	18	-627	-1	179	141
1:Man. 	121479	60	0	0	168	0	186	18	-515	-1	179	141
1:Man. 	121680	60	0	0	168	0	186	18	-397	-1	179	141
1:Man. 	121883	60	0	0	169	0	186	17	-277	-1	178	142
1:Man. 	122083	60	0	0	170	0	186	16	-188	-1	181	139
1:Man. 	122285	60	0	0	170	0	186	16	-68	-1	181	139
1:Man. 	122485	60	0	0	170	0	186	16	52	0	182	138
1:Man. 	122686	60	0	0	169	0	186	17	174	0	183	137
1:Man. 	122888	60	0	0	169	0	186	17	267	0	183	137
1:Man. 	123088	60	0	0	170	0	186	17	390	0	179	141
1:Man. 	123289	60	0	0	171	0	186	15	512	0	176	144
1:Man. 	123489	60	0	0	172	0	186	14	602	0	175	145
1:Man. 	123703	60	0	0	172	0	186	14	723	0	175	145
1:Man. 	123907	60	0	0	172	0	186	15	848	0	176	144
1:Man. 	124107	60	0	0	172	0	186	14	972	0	180	140
1:Man. 	124309	60	0	0	173	0	186	13	1093	1	180	140
1:Man. 	124511	60	0	0	173	0	186	13	1214	1	180	140
1:Man. 	124713	60	0	0	174	0	186	12	1300	1	179	141
1:Man. 	124915	60	0	0	174	0	186	12	1416	1	179	141
1:Man. 	125129	60	0	0	174	0	186	12	1532	1	178	142
1:Man. 	125330	60	0	0	174	0	186	12	1650	1	178	142
1:Man. 	125531	60	0	0	175	0	186	11	1765	1	176	144
1:Man. 	125732	60	0	0	177	0	186	10	1876	1	175	145
1:Man. 	125932	60	0	0	177	0	186	9	1979	1	174	146
1:Man. 	126134	60	0	0	177	0	186	9	2054	2	176	144
1:Man. 	126334	60	0	0	178	0	186	8	2154	2	175	145
1:Man. 	126535	60	0	0	179	0	186	8	2228	2	175	145
1:Man. 	126737	60	0	0	179	0	186	7	2321	2	173	147
1:Man. 	126939	60	0	0	180	0	186	6	2412	2	172	148
1:Man. 	127140	60	0	0	180	0	186	6	2498	2	172	148
1:Man. 	127341	60	0	0	180	0	186	6	2581	2	172	148
1:Man. 	127542	60	0	0	181	0	186	6	2643	2	172	148
1:Man. 	127744	60	0	0	181	0	186	5	2719	2	171	149
1:Man. 	127945	60	0	0	182	0	186	4	2792	2	170	150
1:Man. 	128146	60	0	0	184	0	186	2	2856	2	169	151
1:Man. 	128347	60	0	0	185	0	186	2	2904	2	169	151
1:Man. 	128547	60	0	0	185	0	186	1	2961	2	168	152
1:Man. 	128748	60	0	0	185	0	186	1	3017	2	168	152
1:Man. 	128949	60	0	0	185	0	186	1	3059	2	168	152
1:Man. 	129149	60	0	0	186	0	186	0	3110	3	168	152
1:Man. 	129350	60	0	0	187	0	186	-1	3154	3	163	157
1:Man. 	129551	60	0	0	188	0	186	-2	3184	3	162	158
1:Man. 	129752	60	0	0	189	0	186	-3	3218	3	161	159
1:Man. 	129952	60	0	0	189	0	186	-3	3246	3	161	159
1:Man. 	130155	60	0	0	190	0	186	-4	3266	3	160	160
1:Man. 	130357	60	0	0	190	0	186	-4	3281	3	163	157
1:Man. 	130557	60	0	0	191	0	186	-4	3300	3	163	157
1:Man. 	130758	60	0	0	191	0	186	-5	3312	3	161	159
1:Man. 	130958	60	0	0	192	0	186	-6	3318	3	160	160
1:Man. 	131160	60	0	0	193	0	186	-7	3321	3	159	161
1:Man. 	131360	60	0	0	194	0	186	-8	3318	3	158	162
1:Man. 	131561	60	0	0	194	0	186	-8	3312	3	158	162
1:Man. 	131763	60	0	0	194	0	186	-9	3301	3	156	164
1:Man. 	131963	60	0	0	195	0	186	-9	3285	3	156	164
1:Man. 	132164	60	0	0	195	0	186	-9	3270	3	156	164
1:Man. 	132365	60	0	0	196	0	186	-9	3248	3	152	168
1:Man. 	132569	60	0	0	197	0	186	-11	3219	3	150	170
1:Man. 	132769	60	0	0	198	0	186	-12	3184	3	149	171
1:Man. 	132969	60	0	0	198	0	186	-12	3154	3	149	171
1:Man. 	133172	60	0	0	198	0	186	-12	3110	3	149	171
1:Man. 	133372	60	0	0	198	0	186	-12	3075	3	151	169
1:Man. 	133573	60	0	0	199	0	186	-12	3027	2	150	170
1:Man. 	133775	60	0	0	199	0	186	-13	2975	2	148	172
1:Man. 	133976	60	0	0	201	0	186	-14	2917	2	147	173
1:Man. 	134177	60	0	0	201	0	186	-15	2869	2	146	174
1:Man. 	134379	60	0	0	200	0	186	-14	2804	2	146	174
1:Man. 	134580	60	0	0	200	0	186	-15	2734	2	145	175
1:Man. 	134780	60	0	0	201	0	186	-15	2677	2	145	175
1:Man. 	134981	60	0	0	201	0	186	-15	2597	2	145	175
1:Man. 	135182	60	0	0	201	0	186	-15	2536	2	145	175
1:Man. 	135383	60	0	0	201	0	186	-15	2454	2	144	176
1:Man. 	135583	60	0	0	201	0	186	-15	2370	2	144	176
1:Man. 	135785	60	0	0	202	0	186	-16	2283	2	143	177
1:Man. 	135986	60	0	0	202	0	186	-16	2189	2	143	177
1:Man. 	136187	60	0	0	203	0	186	-17	2114	2	141	179
1:Man. 	136389	60	0	0	203	0	186	-17	2009	1	141	179
1:Man. 	136589	60	0	0	202	0	186	-16	1904	1	143	177
1:Man. 	136790	60	0	0	202	0	186	-16	1825	1	143	177
1:Man. 	136990	60	0	0	203	0	186	-17	1719	1	141	179
1:Man. 	137192	60	0	0	203	0	186	-17	1637	1	141	179
1:Man. 	137394	60	0	0	203	0	186	-17	1524	1	139	181
1:Man. 	137594	60	0	0	203	0	186	-17	1406	1	139	181
1:Man. 	137795	60	0	0	203	0	186	-17	1286	1	139	181
1:Man. 	137996	60	0	0	203	0	186	-17	1163	1	139	181
1:Man. 	138199	60	0	0	203	0	186	-17	1071	1	139	181
1:Man. 	138402	60	0	0	203	0	186	-17	950	0	138	182
1:Man. 	138602	60	0	0	203	0	186	-17	829	0	138	182
1:Man. 	138803	60	0	0	204	0	186	-18	703	0	137	183
1:Man. 	139004	60	0	0	203	0	186	-17	606	0	138	182
1:Man. 	139206	60	0	0	203	0	186	-17	476	0	138	182
1:Man. 	139408	60	0	0	202	0	186	-16	380	0	138	182
1:Man. 	139610	60	0	0	201	0	186	-16	252	0	138	182
1:Man. 	139810	60	0	0	201	0	186	-15	127	0	139	181
1:Man. 	140011	60	0	0	202	0	186	-16	-5	-1	137	183
1:Man. 	140212	60	0	0	202	0	186	-16	-104	-1	137	183
1:Man. 	140412	60	0	0	202	0	186	-16	-237	-1	139	181
1:Man. 	140613	60	0	0	201	0	186	-15	-369	-1	140	180
1:Man. 	140813	60	0	0	201	0	186	-15	-465	-1	140	180
1:Man. 	141015	60	0	0	200	0	186	-14	-594	-1	141	179
1:Man. 	141218	60	0	0	200	0	186	-14	-690	-1	141	179
1:Man. 	141419	60	0	0	200	0	186	-14	-819	-1	141	179
1:Man. 	141620	60	0	0	200	0	186	-14	-946	-1	138	182
1:Man. 	141820	60	0	0	199	0	186	-13	-1070	-2	138	182
1:Man. 	142021	60	0	0	199	0	186	-13	-1193	-2	138	182
1:Man. 	142224	60	0	0	199	0	186	-13	-1287	-2	138	182
1:Man. 	142426	60	0	0	199	0	186	-13	-1415	-2	138	182
1:Man. 	142629	60	0	0	198	0	186	-12	-1536	-2	140	180
1:Man. 	142829	60	0	0	198	0	186	-12	-1656	-2	140	180
1:Man. 	143030	60	0	0	197	0	186	-11	-1743	-2	141	179
1:Man. 	143233	60	0	0	197	0	186	-11	-1859	-2	141	179
1:Man. 	143433	60	0	0	196	0	186	-11	-1944	-2	141	179
1:Man. 	143634	60	0	0	196	0	186	-11	-2055	-3	140	180
1:Man. 	143835	60	0	0	196	0	186	-10	-2160	-3	141	179
1:Man. 	144035	60	0	0	195	0	186	-9	-2260	-3	142	178
1:Man. 	144237	60	0	0	194	0	186	-8	-2334	-3	144	176
1:Man. 	144438	60	0	0	193	0	186	-8	-2433	-3	144	176
1:Man. 	144641	60	0	0	193	0	186	-7	-2529	-3	144	176
1:Man. 	144843	60	0	0	193	0	186	-7	-2621	-3	144	176
1:Man. 	145043	60	0	0	193	0	186	-7	-2685	-3	144	176
1:Man. 	145246	60	0	0	192	0	186	-6	-2768	-3	145	175
1:Man. 	145449	60	0	0	191	0	186	-5	-2847	-3	146	174
1:Man. 	145650	60	0	0	190	0	186	-5	-2905	-3	147	173
1:Man. 	145852	60	0	0	190	0	186	-5	-2979	-3	147	173
1:Man. 	146053	60	0	0	190	0	186	-4	-3047	-3	149	171
1:Man. 	146253	60	0	0	189	0	186	-3	-3094	-4	149	171
1:Man. 	146454	60	0	0	188	0	186	-2	-3152	-4	150	170
1:Man. 	146655	60	0	0	187	0	186	-1	-3206	-4	149	171
1:Man. 	146859	60	0	0	187	0	186	-1	-3258	-4	149	171
1:Man. 	147060	60	0	0	186	0	186	0	-3295	-4	151	169
1:Man. 	147262	60	0	0	186	0	186	0	-3340	-4	151	169
1:Man. 	147462	60	0	0	185	0	186	1	-3372	-4	152	168
1:Man. 	147662	60	0	0	185	0	186	1	-3407	-4	154	166
1:Man. 	147863	60	0	0	184	0	186	2	-3436	-4	155	165
1:Man. 	148064	60	0	0	183	0	186	3	-3461	-4	156	164
1:Man. 	148265	60	0	0	182	0	186	4	-3473	-4	158	162
1:Man. 	148466	60	0	0	181	0	186	5	-3483	-4	159	161
1:Man. 	148680	60	0	0	180	0	186	6	-3487	-4	156	164
1:Man. 	148881	60	0	0	180	0	186	6	-3487	-4	156	164
1:Man. 	149083	60	0	0	179	0	186	7	-3483	-4	157	163
1:Man. 	149284	60	0	0	179	0	186	7	-3478	-4	157	163
1:Man. 	149485	60	0	0	178	0	186	8	-3469	-4	159	161
1:Man. 	149685	60	0	0	178	0	186	8	-3457	-4	159	161
1:Man. 	149885	60	0	0	176	0	186	9	-3432	-4	164	156
1:Man. 	150085	60	0	0	176	0	186	10	-3399	-4	165	155
1:Man. 	150287	60	0	0	175	0	186	11	-3370	-4	166	154
1:Man. 	150488	60	0	0	173	0	186	13	-3324	-4	169	151
1:Man. 	150705	60	0	0	173	0	186	13	-3275	-4	169	151
1:Man. 	150905	60	0	0	172	0	186	14	-3219	-4	165	155
1:Man. 	151106	60	0	0	172	0	186	14	-3159	-4	165	155
1:Man. 	151308	60	0	0	172	0	186	14	-3096	-4	165	155
1:Man. 	151508	60	0	0	171	0	186	15	-3044	-3	167	153
1:Man. 	151709	60	0	0	170	0	186	16	-2970	-3	169	151
1:Man. 	151910	60	0	0	169	0	186	17	-2887	-3	175	145
1:Man. 	152110	60	0	0	168	0	186	18	-2800	-3	176	144
1:Man. 	152312	60	0	0	168	0	186	18	-2732	-3	176	144
1:Man. 	152513	60	0	0	167	0	186	19	-2638	-3	177	143
1:Man. 	152713	60	0	0	167	0	186	19	-2537	-3	177	143
1:Man. 	152913	60	0	0	166	0	186	20	-2456	-3	178	142
1:Man. 	153114	60	0	0	166	0	186	20	-2343	-3	178	142
1:Man. 	153314	60	0	0	165	0	186	21	-2229	-3	179	141
1:Man. 	153515	60	0	0	164	0	186	22	-2107	-3	180	140
1:Man. 	153715	60	0	0	163	0	186	23	-2012	-2	182	138
1:Man. 	153916	60	0	0	163	0	186	23	-1884	-2	181	139
1:Man. 	154117	60	0	0	163	0	186	23	-1754	-2	181	139
1:Man. 	154318	60	0	0	162	0	186	24	-1615	-2	183	137
1:Man. 	154518	60	0	0	161	0	186	25	-1507	-2	184	136
1:Man. 	154718	60	0	0	161	0	186	25	-1359	-2	184	136
1:Man. 	154919	60	0	0	162	0	186	24	-1213	-2	185	135
1:Man. 	155120	60	0	0	163	0	186	23	-1072	-2	183	137
1:Man. 	155322	60	0	0	162	0	186	23	-963	-1	184	136
1:Man. 	155523	60	0	0	161	0	186	25	-814	-1	187	133
1:Man. 	155726	60	0	0	160	0	186	26	-655	-1	188	132
1:Man. 	155926	60	0	0	159	0	186	27	-531	-1	190	130
1:Man. 	156127	60	0	0	161	0	186	25	-372	-1	188	132
1:Man. 	156328	60	0	0	162	0	186	24	-212	-1	187	133
1:Man. 	156529	60	0	0	162	0	186	24	-95	-1	187	133
1:Man. 	156729	60	0	0	162	0	186	24	61	0	188	132
1:Man. 	156929	60	0	0	161	0	186	25	219	0	192	128
1:Man. 	157130	60	0	0	161	0	186	25	379	0	192	128
1:Man. 	157331	60	0	0	161	0	186	25	499	0	192	128
1:Man. 	157531	60	0	0	161	0	186	25	663	0	192	128
1:Man. 	157731	60	0	0	161	0	186	25	829	0	192	128
1:Man. 	157932	60	0	0	161	0	186	25	997	0	191	129
1:Man. 	158135	60	0	0	161	0	186	25	1124	1	192	128
1:Man. 	158338	60	0	0	162	0	186	24	1290	1	191	129
1:Man. 	158538	60	0	0	163	0	186	23	1447	1	189	131
1:Man. 	158739	60	0	0	164	0	186	22	1605	1	188	132
1:Man. 	158939	60	0	0	165	0	186	21	1721	1	192	128
1:Man. 	159139	60	0	0	165	0	186	21	1874	1	192	128
1:Man. 	159340	60	0	0	164	0	186	22	2028	1	193	127
1:Man. 	159540	60	0	0	164	0	186	22	2181	2	194	126
1:Man. 	159740	60	0	0	164	0	186	22	2296	2	194	126
1:Man. 	159941	60	0	0	166	0	186	21	2449	2	188	132
1:Man. 	160154	60	0	0	167	0	186	19	2596	2	185	135
1:Man. 	160355	60	0	0	168	0	186	18	2739	2	184	136
1:Man. 	160555	60	0	0	168	0	186	18	2846	2	184	136
1:Man. 	160758	60	0	0	167	0	186	19	2987	2	185	135
1:Man. 	160958	60	0	0	168	0	186	19	3128	3	188	132
1:Man. 	161159	60	0	0	168	0	186	18	3266	3	187	133
1:Man. 	161360	60	0	0	169	0	186	17	3397	3	186	134
1:Man. 	161563	60	0	0	170	0	186	16	3493	3	185	135
1:Man. 	161763	60	0	0	172	0	186	14	3618	3	182	138
1:Man. 	161964	60	0	0	173	0	186	13	3737	3	186	134
1:Man. 	162164	60	0	0	173	0	186	13	3824	3	186	134
1:Man. 	162365	60	0	0	174	0	186	13	3936	3	186	134
1:Man. 	162565	60	0	0	175	0	186	11	4040	3	183	137
1:Man. 	162768	60	0	0	177	0	186	9	4135	4	182	138
1:Man. 	162968	60	0	0	179	0	186	8	4203	4	181	139
1:Man. 	163169	60	0	0	179	0	186	7	4287	4	179	141
1:Man. 	163371	60	0	0	178	0	186	8	4372	4	181	139
1:Man. 	163574	60	0	0	178	0	186	8	4456	4	181	139
1:Man. 	163775	60	0	0	179	0	186	7	4517	4	179	141
1:Man. 	163976	60	0	0	182	0	186	4	4591	4	176	144
1:Man. 	164189	60	0	0	184	0	186	3	4637	4	170	150
1:Man. 	164390	60	0	0	184	0	186	2	4693	4	169	151
1:Man. 	164591	60	0	0	184	0	186	2	4746	4	169	151
1:Man. 	164792	60	0	0	184	0	186	2	4798	4	169	151
1:Man. 	164993	60	0	0	184	0	186	2	4847	4	169	151
1:Man. 	165193	60	0	0	185	0	186	1	4882	4	168	152
1:Man. 	165396	60	0	0	187	0	186	-1	4921	4	165	155
1:Man. 	165598	60	0	0	187	0	187	-1	-1	-1	157	163
1:Man. 	165799	60	0	0	188	0	187	-1	-4	-1	157	163
1:Man. 	166000	60	0	0	189	0	187	-2	-11	-1	156	164
1:Man. 	166201	60	0	0	190	0	187	-3	-20	-1	155	165
1:Man. 	166403	60	0	0	190	0	187	-3	-29	-1	155	165
1:Man. 	166603	60	0	0	191	0	187	-4	-45	-1	159	161
1:Man. 	166804	60	0	0	192	0	187	-5	-64	-1	157	163
1:Man. 	167005	60	0	0	192	0	187	-5	-85	-1	157	163
1:Man. 	167205	60	0	0	193	0	187	-6	-108	-1	156	164
1:Man. 	167405	60	0	0	193	0	187	-6	-126	-1	156	164
1:Man. 	167606	60	0	0	194	0	187	-6	-150	-1	153	167
1:Man. 	167806	60	0	0	194	0	187	-7	-178	-1	152	168
1:Man. 	168007	60	0	0	196	0	187	-9	-209	-1	149	171
1:Man. 	168207	60	0	0	197	0	187	-10	-236	-1	148	172
1:Man. 	168407	60	0	0	197	0	187	-10	-276	-1	148	172
1:Man. 	168607	60	0	0	197	0	187	-10	-316	-1	151	169
1:Man. 	168807	60	0	0	195	0	187	-9	-344	-1	152	168
1:Man. 	169008	60	0	0	196	0	187	-9	-378	-1	152	168
1:Man. 	169208	60	0	0	196	0	187	-9	-414	-1	152	168
1:Man. 	169410	60	0	0	197	0	187	-10	-454	-1	151	169
1:Man. 	169610	60	0	0	197	0	187	-10	-484	-1	146	174
1:Man. 	169814	60	0	0	197	0	187	-10	-524	-1	146	174
1:Man. 	170014	60	0	0	196	0	187	-9	-563	-1	147	173
1:Man. 	170215	60	0	0	197	0	187	-10	-601	-1	146	174
1:Man. 	170416	60	0	0	198	0	187	-11	-632	-1	145	175
1:Man. 	170616	60	0	0	200	0	187	-12	-677	-1	145	175
1:Man. 	170817	60	0	0	201	0	187	-14	-731	-1	142	178
1:Man. 	171017	60	0	0	202	0	187	-15	-776	-1	141	179
1:Man. 	171217	60	0	0	201	0	187	-14	-835	-1	142	178
1:Man. 	171435	60	0	0	199	0	187	-13	-875	-1	143	177
1:Man. 	171635	60	0	0	199	0	187	-12	-923	-1	145	175
1:Man. 	171837	60	0	0	199	0	187	-12	-971	-1	145	175
1:Man. 	172038	60	0	0	200	0	187	-13	-1021	-1	143	177
1:Man. 	172238	60	0	0	201	0	187	-14	-1076	-2	141	179
1:Man. 	172439	60	0	0	201	0	187	-14	-1118	-2	141	179
1:Man. 	172640	60	0	0	201	0	187	-13	-1172	-2	143	177
1:Man. 	172840	60	0	0	201	0	187	-14	-1227	-2	142	178
1:Man. 	173041	60	0	0	202	0	187	-14	-1269	-2	142	178
1:Man. 	173242	60	0	0	203	0	187	-16	-1330	-2	140	180
1:Man. 	173446	60	0	0	204	0	187	-17	-1395	-2	138	182
1:Man. 	173646	60	0	0	204	0	187	-17	-1463	-2	139	181
1:Man. 	173847	60	0	0	203	0	187	-17	-1514	-2	139	181
1:Man. 	174048	60	0	0	203	0	187	-16	-1578	-2	141	179
1:Man. 	174248	60	0	0	202	0	187	-15	-1639	-2	142	178
1:Man. 	174450	60	0	0	201	0	187	-14	-1696	-2	143	177
1:Man. 	174651	60	0	0	201	0	187	-14	-1738	-2	136	184
1:Man. 	174852	60	0	0	202	0	187	-15	-1795	-2	135	185
1:Man. 	175052	60	0	0	203	0	187	-16	-1856	-2	134	186
1:Man. 	175254	60	0	0	203	0	187	-16	-1920	-2	134	186
1:Man. 	175461	60	0	0	203	0	187	-16	-1968	-2	134	186
1:Man. 	175662	60	0	0	202	0	187	-15	-2028	-2	140	180
1:Man. 	175865	60	0	0	202	0	187	-15	-2088	-3	139	181
1:Man. 	176066	60	0	0	202	0	187	-15	-2148	-3	139	181
1:Man. 	176267	60	0	0	201	0	187	-14	-2205	-3	140	180
1:Man. 	176467	60	0	0	200	0	187	-14	-2246	-3	140	180
1:Man. 	176668	60	0	0	200	0	187	-12	-2297	-3	139	181
1:Man. 	176870	60	0	0	200	0	187	-13	-2349	-3	137	183
1:Man. 	177072	60	0	0	200	0	187	-13	-2400	-3	137	183
1:Man. 	177272	60	0	0	199	0	187	-13	-2439	-3	137	183
1:Man. 	177473	60	0	0	199	0	187	-12	-2487	-3	139	181
1:Man. 	177674	60	0	0	198	0	187	-11	-2533	-3	140	180
1:Man. 	177874	60	0	0	197	0	187	-10	-2576	-3	141	179
1:Man. 	178075	60	0	0	197	0	187	-10	-2606	-3	141	179
1:Man. 	178277	60	0	0	197	0	187	-10	-2648	-3	141	179
1:Man. 	178478	60	0	0	197	0	187	-10	-2689	-3	141	179
1:Man. 	178678	60	0	0	197	0	187	-10	-2729	-3	142	178
1:Man. 	178889	60	0	0	196	0	187	-9	-2757	-3	143	177
1:Man. 	179090	60	0	0	195	0	187	-8	-2790	-3	145	175
1:Man. 	179292	60	0	0	195	0	187	-7	-2821	-3	146	174
1:Man. 	179493	60	0	0	194	0	187	-7	-2849	-3	146	174
1:Man. 	179693	60	0	0	194	0	187	-7	-2875	-3	143	177
1:Man. 	179894	60	0	0	193	0	187	-6	-2895	-3	144	176
1:Man. 	180096	60	0	0	193	0	187	-6	-2919	-3	144	176
1:Man. 	180297	60	0	0	193	0	187	-6	-2943	-3	144	176
1:Man. 	180499	60	0	0	192	0	187	-5	-2964	-3	145	175
1:Man. 	180701	60	0	0	191	0	187	-4	-2976	-3	149	171
1:Man. 	180901	60	0	0	191	0	187	-3	-2990	-3	150	170
1:Man. 	181102	60	0	0	190	0	187	-3	-3003	-3	150	170
1:Man. 	181304	60	0	0	189	0	187	-2	-3011	-3	151	169
1:Man. 	181506	60	0	0	188	0	187	-1	-3016	-3	152	168
1:Man. 	181706	60	0	0	188	0	187	-1	-3020	-3	151	169
1:Man. 	181907	60	0	0	187	0	187	0	-3022	-3	153	167
1:Man. 	182108	60	0	0	187	0	187	1	-3021	-3	154	166
1:Man. 	182309	60	0	0	186	0	187	1	-3018	-3	154	166
1:Man. 	182511	60	0	0	186	0	187	1	-3014	-3	154	166
1:Man. 	182712	60	0	0	185	0	187	2	-3008	-3	155	165
1:Man. 	182914	60	0	0	184	0	187	3	-2997	-3	156	164
1:Man. 	183114	60	0	0	182	0	187	5	-2980	-3	159	161
1:Man. 	183316	60	0	0	181	0	187	6	-2957	-3	160	160
1:Man. 	183517	60	0	0	181	0	187	7	-2938	-3	161	159
1:Man. 	183720	60	0	0	181	0	187	6	-2914	-3	160	160
1:Man. 	183921	60	0	0	180	0	187	7	-2888	-3	160	160
1:Man. 	184122	60	0	0	179	0	187	8	-2865	-3	162	158
1:Man. 	184337	60	0	0	178	0	187	9	-2831	-3	163	157
1:Man. 	184539	60	0	0	177	0	187	10	-2792	-3	164	156
1:Man. 	184739	60	0	0	176	0	187	11	-2751	-3	165	155
1:Man. 	184940	60	0	0	176	0	187	11	-2707	-3	163	157
1:Man. 	185141	60	0	0	175	0	187	12	-2673	-3	165	155
1:Man. 	185342	60	0	0	175	0	187	13	-2624	-3	166	154
1:Man. 	185544	60	0	0	175	0	187	12	-2576	-3	165	155
1:Man. 	185745	60	0	0	174	0	187	13	-2539	-3	166	154
1:Man. 	185946	60	0	0	173	0	187	14	-2486	-3	171	149
1:Man. 	186147	60	0	0	172	0	187	15	-2427	-3	172	148
1:Man. 	186348	60	0	0	171	0	187	16	-2364	-3	174	146
1:Man. 	186549	60	0	0	171	0	187	16	-2317	-3	174	146
1:Man. 	186749	60	0	0	172	0	187	15	-2256	-3	172	148
1:Man. 	186951	60	0	0	173	0	187	15	-2198	-3	173	147
1:Man. 	187152	60	0	0	172	0	187	14	-2141	-3	172	148
1:Man. 	187352	60	0	0	171	0	187	16	-2091	-3	175	145
1:Man. 	187553	60	0	0	169	0	187	18	-2016	-2	178	142
1:Man. 	187755	60	0	0	169	0	187	18	-1933	-2	178	142
1:Man. 	187956	60	0	0	168	0	187	18	-1869	-2	175	145
1:Man. 	188156	60	0	0	169	0	187	18	-1781	-2	175	145
1:Man. 	188357	60	0	0	170	0	187	17	-1691	-2	174	146
1:Man. 	188558	60	0	0	169	0	187	18	-1621	-2	175	145
1:Man. 	188759	60	0	0	168	0	187	18	-1527	-2	175	145
1:Man. 	188959	60	0	0	168	0	187	19	-1427	-2	179	141
1:Man. 	189160	60	0	0	167	0	187	20	-1323	-2	181	139
1:Man. 	189360	60	0	0	166	0	187	20	-1242	-2	181	139
1:Man. 	189561	60	0	0	166	0	187	21	-1130	-2	182	138
1:Man. 	189761	60	0	0	165	0	166	1	2	0	161	159
1:Man. 	189962	60	0	0	166	0	166	0	3	0	160	160
1:Man. 	190163	60	0	0	167	0	166	-1	0	0	158	162
1:Man. 	190365	60	0	0	167	0	166	-1	-4	-1	157	163
1:Man. 	190567	60	0	0	167	0	166	-1	-9	-1	157	163
1:Man. 	190768	60	0	0	166	0	166	0	-12	-1	160	160
1:Man. 	190968	60	0	0	165	0	166	1	-10	-1	161	159
1:Man. 	191169	60	0	0	164	0	166	2	-4	-1	162	158
1:Man. 	191371	60	0	0	164	0	166	2	1	0	163	157
1:Man. 	191572	60	0	0	164	0	166	2	8	0	163	157
1:Man. 	191773	60	0	0	164	0	166	2	15	0	158	162
1:Man. 	191974	60	0	0	165	0	166	1	18	0	157	163
1:Man. 	192175	60	0	0	165	0	166	1	22	0	157	163
1:Man. 	192376	60	0	0	165	0	166	1	26	0	157	163
1:Man. 	192578	60	0	0	164	0	166	2	31	0	158	162
1:Man. 	192779	60	0	0	163	0	166	3	40	0	163	157
1:Man. 	192983	60	0	0	162	0	166	3	49	0	163	157
1:Man. 	193183	60	0	0	162	0	166	4	64	0	165	155
1:Man. 	193383	60	0	0	163	0	166	3	77	0	163	157
1:Man. 	193584	60	0	0	163	0	166	3	86	0	163	157
1:Man. 	193785	60	0	0	163	0	166	3	98	0	161	159
1:Man. 	193985	60	0	0	162	0	166	4	111	0	163	157
1:Man. 	194186	60	0	0	162	0	166	4	123	0	163	157
1:Man. 	194387	60	0	0	162	0	166	4	139	0	163	157
1:Man. 	194589	60	0	0	162	0	166	4	155	0	163	157
1:Man. 	194790	60	0	0	162	0	166	4	171	0	163	157
1:Man. 	194991	60	0	0	162	0	166	5	185	0	164	156
1:Man. 	195191	60	0	0	161	0	166	5	203	0	164	156
1:Man. 	195393	60	0	0	160	0	166	6	225	0	165	155
1:Man. 	195594	60	0	0	160	0	166	6	248	0	165	155
1:Man. 	195796	60	0	0	160	0	166	6	266	0	164	156
1:Man. 	195997	60	0	0	160	0	166	6	290	0	164	156
1:Man. 	196198	60	0	0	160	0	166	6	314	0	164	156
1:Man. 	196398	60	0	0	159	0	166	7	342	0	165	155
1:Man. 	196598	60	0	0	159	0	166	8	366	0	167	153
1:Man. 	196799	60	0	0	159	0	166	7	394	0	166	154
1:Man. 	197000	60	0	0	159	0	166	7	423	0	166	154
1:Man. 	197200	60	0	0	159	0	166	7	444	0	166	154
1:Man. 	197402	60	0	0	158	0	166	7	472	0	166	154
1:Man. 	197603	60	0	0	157	0	166	9	505	0	169	151
1:Man. 	197804	60	0	0	158	0	166	8	530	0	168	152
1:Man. 	198005	60	0	0	158	0	166	8	563	0	168	152
1:Man. 	198207	60	0	0	157	0	166	9	597	0	169	151
1:Man. 	198407	60	0	0	156	0	166	10	635	0	170	150
1:Man. 	198608	60	0	0	155	0	166	11	667	0	171	149
1:Man. 	198808	60	0	0	156	0	166	10	710	0	169	151
1:Man. 	199009	60	0	0	157	0	166	9	749	0	168	152
1:Man. 	199209	60	0	0	158	0	166	8	784	0	167	153
1:Man. 	199410	60	0	0	157	0	166	8	808	0	167	153
1:Man. 	199611	60	0	0	156	0	166	10	847	0	169	151
1:Man. 	199812	60	0	0	155	0	166	11	890	0	171	149
1:Man. 	200013	60	0	0	154	0	166	12	926	0	173	147
1:Man. 	200215	60	0	0	155	0	166	11	971	0	171	149
1:Man. 	200418	60	0	0	156	0	166	10	1010	0	170	150
1:Man. 	200619	60	0	0	157	0	166	9	1036	1	170	150
1:Man. 	200822	60	0	0	156	0	166	10	1073	1	171	149
1:Man. 	201022	60	0	0	154	0	166	12	12	0	200	194
1:Man. 	201222	60	0	0	154	0	166	12	12	0	200	194
1:Man. 	201436	60	0	0	155	0	166	11	12	0	200	196
1:Man. 	201651	60	0	0	156	0	166	10	12	0	200	197
1:Man. 	201851	60	0	0	157	0	166	9	12	0	200	198
1:Man. 	202051	60	0	0	156	0	166	10	12	0	200	198
1:Man. 	202251	60	0	0	155	0	166	11	12	0	200	197
1:Man. 	202451	60	0	0	155	0	166	11	12	0	200	197
1:Man. 	202651	60	0	0	155	0	166	11	12	0	200	197
1:Man. 	202852	60	0	0	156	0	166	10	20	0	172	148
1:Man. 	203052	60	0	0	156	0	166	9	49	0	171	149
1:Man. 	203253	60	0	0	156	0	166	11	90	0	173	147
1:Man. 	203453	60	0	0	156	0	166	11	11	0	200	197
1:Man. 	203653	60	0	0	156	0	166	10	11	0	200	198
1:Man. 	203853	60	0	0	157	0	166	9	11	0	200	199
1:Man. 	204053	60	0	0	157	0	166	9	18	0	172	148
1:Man. 	204257	60	0	0	157	0	166	9	54	0	172	148
1:Man. 	204459	60	0	0	156	0	166	10	93	0	173	147
1:Man. 	204660	60	0	0	156	0	166	10	123	0	173	147
1:Man. 	204861	60	0	0	155	0	166	10	163	0	173	147
1:Man. 	205062	60	0	0	156	0	166	10	206	0	169	151
1:Man. 	205262	60	0	0	156	0	166	10	247	0	169	151
1:Man. 	205464	60	0	0	157	0	166	9	274	0	168	152
1:Man. 	205665	60	0	0	158	0	166	8	308	0	167	153
1:Man. 	205865	60	0	0	159	0	166	8	340	0	167	153
1:Man. 	206066	60	0	0	158	0	166	8	371	0	173	147
1:Man. 	206270	60	0	0	157	0	166	8	395	0	173	147
1:Man. 	206473	60	0	0	156	0	166	11	436	0	176	144
1:Man. 	206676	60	0	0	155	0	166	11	477	0	176	144
1:Man. 	206877	60	0	0	157	0	166	9	517	0	174	146
1:Man. 	207077	60	0	0	159	0	166	7	8	0	200	200
1:Man. 	207279	60	0	0	161	0	166	6	8	0	167	153
1:Man. 	207480	60	0	0	161	0	166	5	20	0	166	154
1:Man. 	207680	60	0	0	159	0	166	6	38	0	167	153
1:Man. 	207882	60	0	0	157	0	166	9	69	0	171	149
1:Man. 	208086	60	0	0	157	0	166	9	105	0	169	151
1:Man. 	208286	60	0	0	159	0	159	0	0	0	158	162
2:Turn 	208488	0	0	0	160	0	159	0	0	0	158	162
2:Turn 	208689	0	0	0	161	0	159	-2	-8	-1	94	106
2:Turn 	208889	0	0	0	162	0	159	-3	-19	-1	93	107
2:Turn 	209092	0	0	0	161	0	159	-2	-29	-1	101	99
2:Turn 	209292	0	0	0	160	0	159	-1	-34	-1	102	98
2:Turn 	209495	0	0	0	161	0	159	-2	-42	-1	101	99
2:Turn 	209696	0	0	0	161	0	158	-3	-52	-1	100	100
2:Turn 	209896	0	0	0	163	0	158	-4	-64	-1	99	101
2:Turn 	210097	0	0	0	163	0	158	-5	-85	-1	97	103
2:Turn 	210300	0	0	0	164	0	158	-6	-108	-1	94	106
2:Turn 	210500	0	0	0	163	253	158	-5	-123	-1	95	105
2:Turn 	210700	0	0	0	163	253	158	-5	-143	-1	105	115
2:Turn 	210900	0	0	0	163	253	159	-4	-162	-1	107	113
2:Turn 	211100	0	0	0	164	253	159	-5	-176	-1	105	115
2:Turn 	211302	0	0	0	163	253	159	-4	-195	-1	104	116
2:Turn 	211502	0	0	0	163	253	159	-4	-211	-1	104	116
2:Turn 	211703	0	0	0	162	253	159	-4	-225	-1	104	116
2:Turn 	211904	0	0	0	163	253	159	-4	-235	-1	104	116
2:Turn 	212105	0	0	0	165	253	160	-6	-255	-1	101	119
2:Turn 	212306	0	0	0	167	253	160	-7	-279	-1	102	118
2:Turn 	212508	0	0	0	167	253	160	-7	-300	-1	102	118
2:Turn 	212709	0	0	0	166	253	160	-6	-327	-1	103	117
2:Turn 	212911	0	0	0	164	253	160	-4	-345	-1	106	114
2:Turn 	213112	0	0	0	163	253	160	-3	-357	-1	107	113
2:Turn 	213313	0	0	0	163	253	161	-3	-366	-1	101	119
2:Turn 	213516	0	0	0	165	253	161	-4	-378	-1	100	120
2:Turn 	213716	0	0	0	166	253	161	-5	-396	-1	98	122
1:Man. 	213918	0	0	0	167	0	161	-6	-414	-1	94	106
1:Man. 	214119	0	0	0	167	0	161	-6	-438	-1	94	106
1:Man. 	214320	0	0	0	166	0	161	-5	-455	-1	95	105
1:Man. 	214521	0	0	0	165	0	161	-4	-472	-1	97	103
1:Man. 	214722	0	0	0	165	0	161	-3	-486	-1	98	102
1:Man. 	214923	0	0	0	165	0	161	-4	-502	-1	92	108
1:Man. 	215123	1	0	0	166	0	161	-5	-520	-1	91	111
1:Man. 	215324	5	0	0	167	0	161	-6	-538	-1	93	115
1:Man. 	215524	9	0	0	167	0	161	-6	-562	-1	97	119
1:Man. 	215724	13	0	0	167	0	161	-6	-586	-1	101	123
1:Man. 	215924	16	0	0	166	0	161	-6	-610	-1	109	123
1:Man. 	216124	20	0	0	166	0	161	-5	-630	-1	114	126
1:Man. 	216324	24	0	0	166	0	161	-5	-650	-1	118	130
1:Man. 	216524	28	0	0	166	0	161	-5	-669	-1	121	133
1:Man. 	216724	31	0	0	166	0	161	-5	-684	-1	124	136
1:Man. 	216924	35	0	0	167	0	161	-6	-706	-1	125	143
1:Man. 	217124	39	0	0	168	0	161	-7	-732	-1	128	148
1:Man. 	217324	43	0	0	168	0	161	-7	-760	-1	132	152
1:Man. 	217526	45	0	0	166	0	161	-6	-786	-1	136	154
1:Man. 	217726	45	0	0	165	0	161	-4	-804	-1	139	151
1:Man. 	217928	45	0	0	165	0	161	-4	-816	-1	136	154
1:Man. 	218128	49	0	0	166	0	161	-4	-832	-1	139	157
1:Man. 	218328	52	0	0	168	0	161	-7	-856	-1	139	165
1:Man. 	218528	56	0	0	168	0	161	-7	-883	-1	143	169
1:Man. 	218728	60	0	0	167	0	161	-6	-903	-1	147	171
1:Man. 	218928	60	0	0	166	0	167	1	1	0	161	159
1:Man. 	219128	60	0	0	165	0	167	1	6	0	161	159
1:Man. 	219329	60	0	0	166	0	167	2	14	0	162	158
1:Man. 	219530	60	0	0	166	0	167	1	18	0	161	159
1:Man. 	219730	60	0	0	166	0	167	0	20	0	160	160
1:Man. 	219930	60	0	0	166	0	167	1	22	0	159	161
1:Man. 	220132	60	0	0	165	0	167	2	28	0	160	160
1:Man. 	220333	60	0	0	164	0	167	3	39	0	161	159
1:Man. 	220535	60	0	0	163	0	167	4	52	0	163	157
1:Man. 	220737	60	0	0	164	0	167	3	65	0	161	159
1:Man. 	220937	60	0	0	166	0	167	2	73	0	159	161
1:Man. 	221137	60	0	0	167	0	167	1	78	0	158	162
1:Man. 	221338	60	0	0	166	0	167	0	78	0	157	163
1:Man. 	221539	60	0	0	165	0	167	2	84	0	159	161
1:Man. 	221740	60	0	0	163	0	167	4	94	0	162	158
1:Man. 	221943	60	0	0	163	0	167	4	110	0	163	157
1:Man. 	222143	60	0	0	164	0	167	3	124	0	161	159
1:Man. 	222345	60	0	0	166	0	167	1	133	0	159	161
1:Man. 	222545	60	0	0	166	0	167	1	136	0	159	161
1:Man. 	222745	60	0	0	166	0	167	1	140	0	159	161
1:Man. 	222947	60	0	0	164	0	167	3	149	0	165	155
1:Man. 	223148	60	0	0	163	0	167	4	164	0	167	153
1:Man. 	223349	60	0	0	163	0	167	4	180	0	167	153
1:Man. 	223550	60	0	0	165	0	167	2	188	0	164	156
1:Man. 	223752	60	0	0	166	0	167	1	193	0	163	157
1:Man. 	223952	60	0	0	166	0	167	1	197	0	162	158
1:Man. 	224154	60	0	0	165	0	167	2	205	0	163	157
1:Man. 	224356	60	0	0	164	0	167	3	213	0	164	156
1:Man. 	224556	60	0	0	165	0	167	3	225	0	164	156
1:Man. 	224756	60	0	0	166	0	167	1	231	0	162	158
1:Man. 	224957	60	0	0	166	0	167	1	234	0	161	159
1:Man. 	225158	60	0	0	166	0	167	1	239	0	161	159
1:Man. 	225359	60	0	0	165	0	167	2	248	0	162	158
1:Man. 	225560	60	0	0	165	0	167	2	254	0	162	158
1:Man. 	225762	60	0	0	166	0	167	1	260	0	161	159
1:Man. 	225963	60	0	0	167	0	167	0	261	0	161	159
1:Man. 	226163	60	0	0	167	0	167	0	260	0	161	159
1:Man. 	226365	60	0	0	166	0	167	1	263	0	162	158
1:Man. 	226566	60	0	0	165	0	167	2	270	0	163	157
1:Man. 	226767	60	0	0	165	0	167	2	281	0	163	157
1:Man. 	226967	60	0	0	167	0	167	1	285	0	159	161
1:Man. 	227168	60	0	0	167	0	167	0	285	0	158	162
1:Man. 	227372	60	0	0	168	0	167	0	283	0	158	162
1:Man. 	227572	60	0	0	167	0	167	0	281	0	158	162
1:Man. 	227773	60	0	0	167	0	167	1	282	0	159	161
1:Man. 	227973	60	0	0	167	0	167	0	283	0	161	159
1:Man. 	228173	60	0	0	168	0	167	0	282	0	161	159
1:Man. 	228375	60	0	0	168	0	167	-1	278	0	159	161
1:Man. 	228589	60	0	0	168	0	167	0	275	0	161	159
1:Man. 	228790	60	0	0	167	0	167	0	273	0	161	159
1:Man. 	228992	60	0	0	167	0	167	0	273	0	160	160
1:Man. 	229193	60	0	0	168	0	167	-1	272	0	158	162
1:Man. 	229394	60	0	0	169	0	167	-2	268	0	157	163
1:Man. 	229594	60	0	0	169	0	167	-2	262	0	157	163
1:Man. 	229794	60	0	0	169	0	167	-2	254	0	157	163
1:Man. 	229994	60	0	0	169	0	167	-2	248	0	157	163
1:Man. 	230194	63	0	0	169	0	167	-1	241	0	162	162
1:Man. 	230394	67	0	0	169	0	167	-1	234	0	166	166
1:Man. 	230594	71	0	0	169	0	167	-2	226	0	169	171
1:Man. 	230794	75	0	0	168	0	167	-1	219	0	175	175
1:Man. 	230994	75	0	0	169	0	167	-2	212	0	174	176
1:Man. 	231195	75	0	0	170	0	167	-2	203	0	173	177
1:Man. 	231396	75	0	0	170	0	167	-2	192	0	173	177
1:Man. 	231598	75	0	0	170	0	167	-3	183	0	172	178
1:Man. 	231798	75	0	0	170	0	167	-3	172	0	172	178
1:Man. 	231999	75	0	0	170	0	167	-3	160	0	172	178
1:Man. 	232200	75	0	0	170	0	167	-3	148	0	171	179
1:Man. 	232401	75	0	0	170	0	167	-4	137	0	170	180
1:Man. 	232602	75	0	0	171	0	167	-4	124	0	170	180
1:Man. 	232803	75	0	0	170	0	167	-3	115	0	171	179
1:Man. 	233004	75	0	0	170	0	167	-3	103	0	171	179
1:Man. 	233205	75	0	0	172	0	167	-5	88	0	169	181
1:Man. 	233406	75	0	0	172	0	167	-5	69	0	169	181
1:Man. 	233608	75	0	0	173	0	167	-6	48	0	168	182
1:Man. 	233811	75	0	0	172	0	167	-5	32	0	169	181
1:Man. 	234012	75	0	0	171	0	167	-4	13	0	171	179
1:Man. 	234214	75	0	0	171	0	167	-4	-3	-1	169	181
1:Man. 	234416	75	0	0	171	0	167	-4	-13	-1	169	181
1:Man. 	234616	75	0	0	172	0	167	-5	-31	-1	167	183
1:Man. 	234816	75	0	0	173	0	167	-6	-54	-1	166	184
1:Man. 	235018	75	0	0	173	0	167	-6	-74	-1	166	184
1:Man. 	235222	75	0	0	173	0	167	-6	-99	-1	168	182
1:Man. 	235423	75	0	0	172	0	167	-5	-119	-1	169	181
1:Man. 	235624	75	0	0	172	0	167	-5	-139	-1	169	181
1:Man. 	235825	75	0	0	172	0	167	-5	-154	-1	169	181
1:Man. 	236025	75	0	0	173	0	167	-6	-175	-1	168	182
1:Man. 	236227	75	0	0	173	0	167	-6	-196	-1	166	184
1:Man. 	236427	75	0	0	173	0	167	-6	-213	-1	166	184
1:Man. 	236627	75	0	0	173	0	167	-6	-237	-1	166	184
1:Man. 	236828	75	0	0	173	0	167	-6	-261	-1	166	184
1:Man. 	237029	75	0	0	172	0	167	-5	-277	-1	167	183
1:Man. 	237230	75	0	0	171	0	167	-4	-296	-1	166	184
1:Man. 	237432	75	0	0	171	0	167	-4	-308	-1	166	184
1:Man. 	237633	75	0	0	172	0	167	-5	-326	-1	164	186
1:Man. 	237834	75	0	0	173	0	167	-6	-347	-1	163	187
1:Man. 	238034	75	0	0	174	0	167	-7	-373	-1	162	188
1:Man. 	238235	75	0	0	173	0	167	-6	-392	-1	163	187
1:Man. 	238435	75	0	0	171	0	167	-5	-414	-1	169	181
1:Man. 	238636	75	0	0	171	0	167	-4	-430	-1	171	179
1:Man. 	238836	75	0	0	171	0	167	-4	-446	-1	171	179
1:Man. 	239036	75	0	0	172	0	167	-5	-460	-1	169	181
1:Man. 	239237	75	0	0	172	0	167	-5	-480	-1	169	181
1:Man. 	239437	75	0	0	172	0	167	-5	-500	-1	165	185
1:Man. 	239638	75	0	0	172	0	167	-5	-515	-1	165	185
1:Man. 	239839	75	0	0	171	0	167	-4	-533	-1	167	183
1:Man. 	240041	75	0	0	172	0	167	-5	-546	-1	165	185
1:Man. 	240243	75	0	0	172	0	167	-5	-566	-1	165	185
1:Man. 	240445	75	0	0	172	0	167	-5	-586	-1	167	183
1:Man. 	240645	75	0	0	171	0	167	-4	-608	-1	169	181
1:Man. 	240845	75	0	0	170	0	167	-3	-624	-1	170	180
1:Man. 	241047	75	0	0	170	0	167	-3	-642	-1	170	180
1:Man. 	241247	75	0	0	171	0	167	-4	-659	-1	169	181
1:Man. 	241449	75	0	0	171	0	167	-4	-676	-1	167	183
1:Man. 	241649	75	0	0	172	0	167	-5	-694	-1	165	185
1:Man. 	241849	75	0	0	171	0	167	-4	-4	-1	200	200
1:Man. 	242049	75	0	0	170	0	167	-3	-4	-1	200	200
1:Man. 	242251	75	0	0	169	0	167	-3	-3	-1	168	182
1:Man. 	242452	75	0	0	169	0	167	-2	-12	-1	168	182
1:Man. 	242653	75	0	0	170	0	167	-3	-22	-1	167	183
1:Man. 	242853	75	0	0	170	0	167	-3	-31	-1	167	183
1:Man. 	243054	75	0	0	170	0	167	-3	-43	-1	167	183
1:Man. 	243255	75	0	0	170	0	167	-3	-56	-1	167	183
1:Man. 	243456	75	0	0	170	0	167	-3	-67	-1	171	179
1:Man. 	243656	75	0	0	169	0	167	-3	-76	-1	171	179
1:Man. 	243856	75	0	0	169	0	167	-2	-84	-1	172	178
1:Man. 	244057	75	0	0	169	0	167	-2	-92	-1	172	178
2:Turn 	244259	0	0	0	169	0	168	0	0	0	176	174
2:Turn 	244459	0	0	0	170	0	168	-1	-4	-1	95	105
2:Turn 	244659	0	0	0	169	0	168	-2	-11	-1	94	106
2:Turn 	244859	0	0	0	170	0	168	-2	-16	-1	94	106
2:Turn 	245060	0	0	0	168	0	168	0	-19	-1	97	103
2:Turn 	245261	0	0	0	169	0	168	-1	-20	-1	95	105
2:Turn 	245462	0	0	0	169	0	167	-1	-23	-1	97	103
2:Turn 	245662	0	0	0	170	0	167	-3	-34	-1	95	105
2:Turn 	245863	0	0	0	170	0	167	-3	-47	-1	95	105
2:Turn 	246064	0	0	0	170	0	167	-3	-59	-1	95	105
2:Turn 	246282	0	0	0	168	0	167	-2	-65	-1	96	104
2:Turn 	246502	0	0	0	168	0	167	-1	-70	-1	95	105
2:Turn 	246703	0	0	0	168	0	166	-2	-77	-1	94	106
2:Turn 	246906	0	0	0	168	0	166	-3	-85	-1	93	107
2:Turn 	247106	0	0	0	169	0	166	-2	-93	-1	94	106
2:Turn 	247308	0	0	0	169	0	166	-3	-105	-1	93	107
2:Turn 	247511	0	0	0	169	0	166	-3	-117	-1	96	104
2:Turn 	247713	0	0	0	169	0	166	-3	-128	-1	96	104
2:Turn 	247915	0	0	0	168	0	165	-3	-140	-1	96	104
3:Fix 	248116	0	0	0	167	0	0	-167	-168	-1	0	200
3:Fix 	248317	0	0	0	168	0	0	-168	-168	-1	0	200
3:Fix 	248520	0	0	0	169	0	0	-169	-168	-1	0	200
3:Fix 	248721	0	0	0	169	0	0	-169	-168	-1	0	200
3:Fix 	248921	0	0	0	169	0	0	-169	-168	-1	0	200
5:Full	249851	0	0	0	169	0	169	0	-168	-1	99	101
5:Full	250051	0	0	0	169	0	169	0	0	0	100	100
5:Full	250255	0	0	0	169	0	169	0	0	0	100	100
5:Full	250460	0	0	0	167	0	167	0	0	0	100	100
5:Full	250663	0	0	0	165	0	165	0	0	0	100	100
5:Full	250863	0	0	0	166	0	256	90	90	0	200	0
5:Full	251063	0	0	0	166	0	256	90	90	0	200	0
5:Full	251264	0	0	0	167	0	257	90	90	0	200	0
5:Full	251464	0	0	0	167	0	257	90	90	0	200	0
5:Full	251664	0	0	0	167	0	257	90	90	0	200	0
5:Full	251864	0	0	0	165	0	255	90	90	0	200	0
5:Full	252064	0	0	0	165	0	255	90	90	0	200	0
5:Full	252264	0	0	0	165	0	255	90	90	0	200	0
5:Full	252464	0	0	0	166	0	256	90	90	0	200	0
5:Full	252664	0	0	0	167	0	257	90	90	0	200	0
5:Full	252864	0	0	0	168	0	258	90	90	0	200	0
5:Full	253064	0	0	0	168	0	258	90	90	0	200	0
5:Full	253264	0	0	0	169	0	259	90	90	0	200	0
5:Full	253464	0	0	0	169	0	259	90	90	0	200	0
5:Full	253664	0	0	0	169	0	259	90	90	0	200	0
5:Full	253864	0	0	0	170	0	260	90	90	0	200	0
5:Full	254064	0	0	0	171	0	261	90	90	0	200	0
5:Full	254264	0	0	0	172	0	262	90	90	0	200	0
5:Full	254464	0	0	0	173	0	263	90	90	0	200	0
5:Full	254664	0	0	0	175	0	265	90	90	0	200	0
5:Full	254864	0	0	0	175	0	265	90	90	0	200	0
5:Full	255064	0	0	0	176	0	266	90	90	0	200	0
5:Full	255264	0	0	0	175	0	265	90	90	0	200	0
5:Full	255464	0	0	0	177	0	267	90	90	0	200	0
5:Full	255664	0	0	0	178	0	268	90	90	0	200	0
5:Full	255864	0	0	0	181	0	271	90	90	0	200	0
5:Full	256064	0	0	0	183	0	273	90	90	0	200	0
5:Full	256264	0	0	0	183	0	273	90	90	0	200	0
5:Full	256464	0	0	0	183	0	273	90	90	0	200	0
5:Full	256664	0	0	0	183	0	273	90	90	0	200	0
5:Full	256864	0	0	0	185	0	275	90	90	0	200	0
5:Full	257064	0	0	0	187	0	277	90	90	0	200	0
5:Full	257264	0	0	0	189	0	279	90	90	0	200	0
5:Full	257464	0	0	0	191	0	281	90	90	0	200	0
5:Full	257664	0	0	0	192	0	282	90	90	0	200	0
5:Full	257864	0	0	0	193	0	283	90	90	0	200	0
5:Full	258064	0	0	0	194	0	284	90	90	0	200	0
5:Full	258264	0	0	0	196	0	286	90	90	0	200	0
5:Full	258464	0	0	0	197	0	287	90	90	0	200	0
5:Full	258664	0	0	0	197	0	287	90	90	0	200	0
5:Full	258877	0	0	0	199	0	289	90	90	0	200	0
5:Full	259090	0	0	0	201	0	291	90	90	0	200	0
5:Full	259290	0	0	0	204	0	294	90	90	0	200	0
5:Full	259490	0	0	0	205	0	295	90	90	0	200	0
5:Full	259690	0	0	0	206	0	296	90	90	0	200	0
5:Full	259890	0	0	0	207	0	297	90	90	0	200	0
5:Full	260090	0	0	0	209	0	299	90	90	0	200	0
5:Full	260290	0	0	0	210	0	300	90	90	0	200	0
5:Full	260490	0	0	0	212	0	302	90	90	0	200	0
5:Full	260690	0	0	0	213	0	303	90	90	0	200	0
5:Full	260890	0	0	0	214	0	304	90	90	0	200	0
5:Full	261090	0	0	0	216	0	306	90	90	0	200	0
5:Full	261291	0	0	0	218	0	308	90	90	0	200	0
5:Full	261493	0	0	0	219	0	219	0	0	0	110	90
5:Full	261693	0	0	0	221	0	221	0	0	0	110	90
5:Full	261893	0	0	0	223	0	223	0	0	0	110	90
5:Full	262096	0	0	0	224	0	224	0	0	0	110	90
5:Full	262296	0	0	0	225	0	225	0	0	0	110	90
5:Full	262498	0	0	0	226	0	226	0	0	0	110	90
5:Full	262700	0	0	0	228	0	228	0	0	0	110	90
5:Full	262902	0	0	0	230	0	230	0	0	0	110	90
5:Full	263102	0	0	0	231	0	231	0	0	0	110	90
5:Full	263303	0	0	0	233	0	233	0	0	0	110	90
5:Full	263503	0	0	0	234	0	234	0	0	0	110	90
5:Full	263704	0	0	0	234	0	234	0	0	0	110	90
5:Full	263905	0	0	0	236	0	236	0	0	0	110	90
5:Full	264109	0	0	0	238	0	238	0	0	0	110	90
5:Full	264309	0	0	0	239	0	239	0	0	0	110	90
5:Full	264510	0	0	0	240	0	240	0	0	0	107	93
5:Full	264710	0	0	0	240	0	240	0	0	0	107	93
5:Full	264910	0	0	0	242	0	242	0	0	0	107	93
5:Full	265110	0	0	0	243	0	243	0	0	0	107	93
5:Full	265311	0	0	0	244	0	244	0	0	0	107	93
5:Full	265511	0	0	0	245	0	245	0	0	0	106	94
5:Full	265711	0	0	0	246	0	246	0	0	0	106	94
5:Full	265912	0	0	0	246	0	246	0	0	0	106	94
5:Full	266113	0	0	0	248	0	248	0	0	0	106	94
5:Full	266313	0	0	0	249	0	249	0	0	0	106	94
5:Full	266515	0	0	0	250	0	250	0	0	0	107	93
5:Full	266717	0	0	0	252	0	252	0	0	0	107	93
5:Full	266917	0	0	0	252	0	252	0	0	0	107	93
5:Full	267117	0	0	0	253	0	253	0	0	0	107	93
5:Full	267317	0	0	0	254	0	254	0	0	0	107	93
5:Full	267517	0	0	0	254	0	254	0	0	0	106	94
5:Full	267718	0	0	0	255	0	255	0	0	0	106	94
5:Full	267918	0	0	0	257	0	257	0	0	0	106	94
5:Full	268118	0	0	0	258	0	258	0	0	0	106	94
5:Full	268321	0	0	0	259	0	259	0	0	0	106	94
5:Full	268522	0	0	0	259	0	259	0	0	0	105	95
5:Full	268723	0	0	0	260	0	260	0	0	0	105	95
5:Full	268925	0	0	0	261	0	261	0	0	0	105	95
5:Full	269125	0	0	0	261	0	261	0	0	0	105	95
5:Full	269325	0	0	0	263	0	263	0	0	0	105	95
5:Full	269526	0	0	0	264	0	264	0	0	0	105	95
5:Full	269729	0	0	0	264	0	264	0	0	0	106	94
5:Full	269929	0	0	0	265	0	265	0	0	0	106	94
5:Full	270130	0	0	0	266	0	266	0	0	0	106	94
5:Full	270332	0	0	0	267	0	267	0	0	0	106	94
5:Full	270534	0	0	0	268	0	268	0	0	0	106	94
5:Full	270735	0	0	0	268	0	268	0	0	0	105	95
5:Full	270936	0	0	0	269	0	269	0	0	0	105	95
5:Full	271136	0	0	0	270	0	270	0	0	0	105	95
5:Full	271336	0	0	0	271	0	271	0	0	0	105	95
5:Full	271536	0	0	0	272	0	272	0	0	0	105	95
5:Full	271739	0	0	0	272	0	272	0	0	0	105	95
5:Full	271939	0	0	0	273	0	273	0	0	0	105	95
5:Full	272142	0	0	0	275	0	275	0	0	0	105	95
5:Full	272342	0	0	0	275	0	275	0	0	0	105	95
5:Full	272545	0	0	0	276	0	276	0	0	0	105	95
5:Full	272746	0	0	0	276	0	276	0	0	0	105	95
5:Full	272946	0	0	0	277	0	277	0	0	0	105	95
5:Full	273149	0	0	0	278	0	278	0	0	0	105	95
5:Full	273350	0	0	0	279	0	279	0	0	0	105	95
5:Full	273551	0	0	0	280	0	280	0	0	0	105	95
5:Full	273751	0	0	0	281	0	281	0	0	0	105	95
5:Full	273951	0	0	0	282	0	282	0	0	0	105	95
5:Full	274152	0	0	0	282	0	282	0	0	0	105	95
5:Full	274353	0	0	0	283	0	283	0	0	0	105	95
5:Full	274554	0	0	0	283	0	283	0	0	0	105	95
5:Full	274754	0	0	0	284	0	284	0	0	0	105	95
5:Full	274955	0	0	0	285	0	285	0	0	0	105	95
5:Full	275155	0	0	0	286	0	286	0	0	0	105	95
5:Full	275356	0	0	0	287	0	287	0	0	0	105	95
5:Full	275557	0	0	0	287	0	287	0	0	0	105	95
5:Full	275758	0	0	0	288	0	288	0	0	0	105	95
5:Full	275960	0	0	0	288	0	288	0	0	0	105	95
5:Full	276161	0	0	0	290	0	290	0	0	0	105	95
5:Full	276362	0	0	0	291	0	291	0	0	0	105	95
5:Full	276562	0	0	0	291	0	291	0	0	0	105	95
5:Full	276762	0	0	0	292	0	292	0	0	0	105	95
5:Full	276962	0	0	0	292	0	292	0	0	0	105	95
5:Full	277166	0	0	0	292	0	292	0	0	0	105	95
5:Full	277368	0	0	0	293	0	293	0	0	0	105	95
5:Full	277569	0	0	0	294	0	294	0	0	0	105	95
5:Full	277771	0	0	0	296	0	296	0	0	0	105	95
5:Full	277971	0	0	0	297	0	297	0	0	0	105	95
5:Full	278172	0	0	0	297	0	297	0	0	0	105	95
5:Full	278373	0	0	0	297	0	297	0	0	0	105	95
5:Full	278574	0	0	0	298	0	298	0	0	0	105	95
5:Full	278774	0	0	0	298	0	298	0	0	0	105	95
5:Full	278974	0	0	0	299	0	299	0	0	0	102	98
5:Full	279174	0	0	0	300	0	300	0	0	0	102	98
5:Full	279374	0	0	0	300	0	300	0	0	0	102	98
5:Full	279575	0	0	0	302	0	302	0	0	0	102	98
5:Full	279776	0	0	0	302	0	302	0	0	0	102	98
5:Full	279979	0	0	0	302	0	302	0	0	0	105	95
5:Full	280182	0	0	0	303	0	303	0	0	0	105	95
5:Full	280382	0	0	0	304	0	304	0	0	0	105	95
5:Full	280582	0	0	0	304	0	304	0	0	0	105	95
5:Full	280782	0	0	0	305	0	305	0	0	0	105	95
5:Full	280983	0	0	0	306	0	306	0	0	0	105	95
5:Full	281183	0	0	0	306	0	306	0	0	0	105	95
5:Full	281387	0	0	0	306	0	306	0	0	0	105	95
5:Full	281590	0	0	0	307	0	307	0	0	0	105	95
5:Full	281791	0	0	0	308	0	308	0	0	0	105	95
5:Full	281992	0	0	0	309	0	309	0	0	0	103	97
5:Full	282194	0	0	0	310	0	310	0	0	0	103	97
5:Full	282394	0	0	0	311	0	311	0	0	0	103	97
5:Full	282595	0	0	0	311	0	311	0	0	0	103	97
5:Full	282796	0	0	0	310	0	310	0	0	0	103	97
5:Full	282998	0	0	0	310	0	310	0	0	0	103	97
5:Full	283213	0	0	0	311	0	311	0	0	0	101	99
5:Full	283414	0	0	0	312	0	312	0	0	0	101	99
5:Full	283616	0	0	0	314	0	314	0	0	0	101	99
5:Full	283816	0	0	0	316	0	316	0	0	0	101	99
5:Full	284017	0	0	0	315	0	315	0	0	0	106	94
5:Full	284218	0	0	0	315	0	315	0	0	0	106	94
5:Full	284419	0	0	0	314	0	314	0	0	0	106	94
5:Full	284620	0	0	0	314	0	314	0	0	0	106	94
5:Full	284820	0	0	0	314	0	314	0	0	0	106	94
5:Full	285021	0	0	0	317	0	317	0	0	0	106	94
5:Full	285224	0	0	0	319	0	319	0	0	0	103	97
5:Full	285424	0	0	0	320	0	320	0	0	0	103	97
5:Full	285625	0	0	0	320	0	320	0	0	0	103	97
5:Full	285825	0	0	0	318	0	318	0	0	0	103	97
5:Full	286027	0	0	0	318	0	318	0	0	0	103	97
5:Full	286228	0	0	0	318	0	318	0	0	0	100	100
5:Full	286428	0	0	0	320	0	320	0	0	0	100	100
5:Full	286628	0	0	0	322	0	322	0	0	0	100	100
5:Full	286828	0	0	0	322	0	322	0	0	0	100	100
5:Full	287028	0	0	0	322	0	322	0	0	0	100	100
5:Full	287232	0	0	0	321	0	321	0	0	0	105	95
5:Full	287432	0	0	0	321	0	231	-90	-90	-1	0	200
5:Full	287632	0	0	0	322	0	232	-90	-90	-1	0	200
5:Full	287845	0	0	0	324	0	234	-90	-90	-1	0	200
5:Full	288045	0	0	0	326	0	236	-90	-90	-1	0	200
5:Full	288245	0	0	0	326	0	236	-90	-90	-1	0	200
5:Full	288445	0	0	0	324	0	234	-90	-90	-1	0	200
5:Full	288645	0	0	0	322	0	232	-90	-90	-1	0	200
5:Full	288845	0	0	0	322	0	232	-90	-90	-1	0	200
5:Full	289045	0	0	0	324	0	234	-90	-90	-1	0	200
5:Full	289245	0	0	0	326	0	236	-90	-90	-1	0	200
5:Full	289445	0	0	0	326	0	236	-90	-90	-1	0	200
5:Full	289645	0	0	0	324	0	234	-90	-90	-1	0	200
5:Full	289845	0	0	0	321	0	231	-90	-90	-1	0	200
5:Full	290045	0	0	0	320	0	230	-90	-90	-1	0	200
5:Full	290245	0	0	0	320	0	230	-90	-90	-1	0	200
5:Full	290445	0	0	0	321	0	231	-90	-90	-1	0	200
5:Full	290646	0	0	0	321	0	231	-90	-90	-1	0	200
5:Full	290846	0	0	0	320	0	230	-90	-90	-1	0	200
5:Full	291046	0	0	0	317	0	227	-90	-90	-1	0	200
5:Full	291246	0	0	0	315	0	225	-90	-90	-1	0	200
5:Full	291446	0	0	0	313	0	223	-90	-90	-1	0	200
5:Full	291646	0	0	0	313	0	223	-90	-90	-1	0	200
5:Full	291846	0	0	0	314	0	224	-90	-90	-1	0	200
5:Full	292046	0	0	0	313	0	223	-90	-90	-1	0	200
5:Full	292246	0	0	0	312	0	222	-90	-90	-1	0	200
5:Full	292446	0	0	0	309	0	219	-90	-90	-1	0	200
5:Full	292646	0	0	0	306	0	216	-90	-90	-1	0	200
5:Full	292846	0	0	0	305	0	215	-90	-90	-1	0	200
5:Full	293047	0	0	0	304	0	304	0	0	0	95	105
5:Full	293251	0	0	0	302	0	302	0	0	0	95	105
5:Full	293451	0	0	0	301	0	301	0	0	0	90	110
5:Full	293666	0	0	0	299	0	299	0	0	0	90	110
5:Full	293867	0	0	0	298	0	298	0	0	0	90	110
5:Full	294068	0	0	0	298	0	298	0	0	0	90	110
5:Full	294268	0	0	0	296	0	296	0	0	0	90	110
5:Full	294468	0	0	0	294	0	294	0	0	0	91	109
5:Full	294669	0	0	0	292	0	292	0	0	0	91	109
5:Full	294873	0	0	0	291	0	291	0	0	0	91	109
5:Full	295075	0	0	0	291	0	291	0	0	0	91	109
5:Full	295275	0	0	0	290	0	290	0	0	0	91	109
5:Full	295476	0	0	0	288	0	288	0	0	0	92	108
5:Full	295680	0	0	0	288	0	288	0	0	0	92	108
5:Full	295882	0	0	0	286	0	286	0	0	0	92	108
5:Full	296083	0	0	0	285	0	285	0	0	0	92	108
5:Full	296283	0	0	0	285	0	285	0	0	0	92	108
5:Full	296483	0	0	0	284	0	284	0	0	0	93	107
5:Full	296685	0	0	0	283	0	283	0	0	0	93	107
5:Full	296885	0	0	0	282	0	282	0	0	0	93	107
5:Full	297085	0	0	0	281	0	281	0	0	0	93	107
5:Full	297286	0	0	0	281	0	281	0	0	0	93	107
5:Full	297486	0	0	0	280	0	280	0	0	0	93	107
5:Full	297688	0	0	0	280	0	280	0	0	0	95	105
5:Full	297888	0	0	0	279	0	279	0	0	0	95	105
5:Full	298092	0	0	0	278	0	278	0	0	0	95	105
5:Full	298295	0	0	0	278	0	278	0	0	0	95	105
5:Full	298498	0	0	0	276	0	276	0	0	0	95	105
5:Full	298699	0	0	0	276	0	276	0	0	0	95	105
5:Full	298899	0	0	0	276	0	276	0	0	0	95	105
5:Full	299099	0	0	0	276	0	276	0	0	0	95	105
5:Full	299302	0	0	0	275	0	275	0	0	0	95	105
5:Full	299502	0	0	0	274	0	274	0	0	0	95	105
5:Full	299704	0	0	0	274	0	274	0	0	0	97	103
5:Full	299904	0	0	0	273	0	273	0	0	0	97	103
5:Full	300104	0	0	0	274	0	274	0	0	0	97	103
5:Full	300305	0	0	0	274	0	274	0	0	0	97	103
5:Full	300505	0	0	0	274	0	274	0	0	0	97	103
5:Full	300707	0	0	0	272	0	272	0	0	0	98	102
5:Full	300908	0	0	0	271	0	271	0	0	0	98	102
5:Full	301109	0	0	0	271	0	271	0	0	0	98	102
5:Full	301309	0	0	0	272	0	272	0	0	0	98	102
5:Full	301510	0	0	0	271	0	271	0	0	0	98	102
5:Full	301712	0	0	0	271	0	271	0	0	0	97	103
5:Full	301912	0	0	0	270	0	270	0	0	0	97	103
5:Full	302112	0	0	0	271	0	271	0	0	0	97	103
5:Full	302313	0	0	0	269	0	269	0	0	0	97	103
5:Full	302514	0	0	0	270	0	270	0	0	0	97	103
5:Full	302714	0	0	0	269	0	269	0	0	0	97	103
5:Full	302915	0	0	0	269	0	269	0	0	0	97	103
5:Full	303115	0	0	0	269	0	269	0	0	0	97	103
5:Full	303315	0	0	0	270	0	270	0	0	0	97	103
5:Full	303516	0	0	0	269	0	269	0	0	0	97	103
5:Full	303717	0	0	0	269	0	269	0	0	0	100	100
5:Full	303917	100	0	0	268	0	268	0	0	0	200	200
5:Full	304117	100	0	0	268	0	268	0	0	0	200	200
5:Full	304317	100	0	0	268	0	268	0	0	0	200	200
5:Full	304517	100	0	0	268	0	268	0	0	0	200	200
5:Full	304717	100	0	0	269	0	269	0	0	0	200	200
5:Full	304930	100	0	0	269	0	269	0	0	0	200	200
5:Full	305130	100	0	0	268	0	268	0	0	0	200	200
5:Full	305330	100	0	0	267	0	267	0	0	0	200	200
5:Full	305530	100	0	0	266	0	266	0	0	0	200	200
5:Full	305730	100	0	0	266	0	266	0	0	0	200	200
5:Full	305930	100	0	0	267	0	267	0	0	0	200	200
5:Full	306130	100	0	0	268	0	268	0	0	0	200	200
5:Full	306330	100	0	0	268	0	268	0	0	0	200	200
5:Full	306530	100	0	0	269	0	269	0	0	0	200	200
5:Full	306731	100	0	0	268	0	268	0	0	0	200	200
5:Full	306931	100	0	0	266	0	266	0	0	0	200	200
5:Full	307131	100	0	0	266	0	266	0	0	0	200	200
5:Full	307331	100	0	0	265	0	265	0	0	0	200	200
5:Full	307531	100	0	0	266	0	266	0	0	0	200	200
5:Full	307731	100	0	0	267	0	267	0	0	0	200	200
5:Full	307931	100	0	0	267	0	267	0	0	0	200	200
5:Full	308131	100	0	0	268	0	268	0	0	0	200	200
5:Full	308331	100	0	0	267	0	267	0	0	0	200	200
5:Full	308531	100	0	0	266	0	266	0	0	0	200	200
5:Full	308731	100	0	0	266	0	266	0	0	0	200	200
5:Full	308931	100	0	0	266	0	266	0	0	0	200	200
5:Full	309131	100	0	0	265	0	265	0	0	0	200	200
5:Full	309331	100	0	0	266	0	266	0	0	0	200	200
5:Full	309531	100	0	0	267	0	267	0	0	0	200	200
5:Full	309731	100	0	0	267	0	267	0	0	0	200	200
5:Full	309931	100	0	0	267	0	267	0	0	0	200	200
5:Full	310131	100	0	0	266	0	266	0	0	0	200	200
5:Full	310331	100	0	0	266	0	266	0	0	0	200	200
5:Full	310531	100	0	0	266	0	266	0	0	0	200	200
5:Full	310731	100	0	0	266	0	266	0	0	0	200	200
5:Full	310931	100	0	0	267	0	267	0	0	0	200	200
5:Full	311131	100	0	0	267	0	267	0	0	0	200	200
5:Full	311331	100	0	0	267	0	267	0	0	0	200	200
5:Full	311531	100	0	0	267	0	267	0	0	0	200	200
5:Full	311731	100	0	0	266	0	266	0	0	0	200	200
5:Full	311931	100	0	0	266	0	266	0	0	0	200	200
5:Full	312131	100	0	0	266	0	266	0	0	0	200	200
5:Full	312331	100	0	0	267	0	267	0	0	0	200	200
5:Full	312531	100	0	0	267	0	267	0	0	0	200	200
5:Full	312731	100	0	0	267	0	267	0	0	0	200	200
5:Full	312931	100	0	0	267	0	267	0	0	0	200	200
5:Full	313131	100	0	0	266	0	266	0	0	0	200	200
5:Full	313331	100	0	0	265	0	265	0	0	0	200	200
5:Full	313531	100	0	0	266	0	266	0	0	0	200	200
5:Full	313731	100	0	0	267	0	267	0	0	0	200	200
5:Full	313931	100	0	0	267	0	267	0	0	0	200	200
5:Full	314144	100	0	0	267	0	267	0	0	0	200	200
5:Full	314356	100	0	0	267	0	267	0	0	0	200	200
5:Full	314556	100	0	0	267	0	267	0	0	0	200	200
5:Full	314756	100	0	0	266	0	266	0	0	0	200	200
5:Full	314956	100	0	0	265	0	265	0	0	0	200	200
5:Full	315156	100	0	0	266	0	266	0	0	0	200	200
5:Full	315356	100	0	0	266	0	266	0	0	0	200	200
5:Full	315556	100	0	0	267	0	267	0	0	0	200	200
5:Full	315756	100	0	0	267	0	267	0	0	0	200	200
5:Full	315956	100	0	0	266	0	266	0	0	0	200	200
5:Full	316156	100	0	0	265	0	265	0	0	0	200	200
5:Full	316356	100	0	0	265	0	265	0	0	0	200	200
5:Full	316556	100	0	0	266	0	266	0	0	0	200	200
5:Full	316756	100	0	0	267	0	267	0	0	0	200	200
5:Full	316956	100	0	0	266	0	266	0	0	0	200	200
5:Full	317156	100	0	0	266	0	266	0	0	0	200	200
5:Full	317356	100	0	0	266	0	266	0	0	0	200	200
5:Full	317556	100	0	0	265	0	265	0	0	0	200	200
5:Full	317756	100	0	0	266	0	266	0	0	0	200	200
5:Full	317956	100	0	0	266	0	266	0	0	0	200	200
5:Full	318156	100	0	0	266	0	266	0	0	0	200	200
5:Full	318356	100	0	0	266	0	266	0	0	0	200	200
5:Full	318556	100	0	0	266	0	266	0	0	0	200	200
5:Full	318756	100	0	0	266	0	266	0	0	0	200	200
5:Full	318956	100	0	0	266	0	266	0	0	0	200	200
5:Full	319156	100	0	0	266	0	266	0	0	0	200	200
5:Full	319356	100	0	0	266	0	266	0	0	0	200	200
5:Full	319556	100	0	0	266	0	266	0	0	0	200	200
5:Full	319756	100	0	0	266	0	266	0	0	0	200	200
5:Full	319956	100	0	0	267	0	267	0	0	0	200	200
5:Full	320156	100	0	0	267	0	267	0	0	0	200	200
5:Full	320356	100	0	0	266	0	266	0	0	0	200	200
5:Full	320556	100	0	0	266	0	266	0	0	0	200	200
5:Full	320756	100	0	0	266	0	266	0	0	0	200	200
5:Full	320956	100	0	0	267	0	267	0	0	0	200	200
5:Full	321156	100	0	0	267	0	267	0	0	0	200	200
5:Full	321356	100	0	0	267	0	267	0	0	0	200	200
5:Full	321556	100	0	0	267	0	267	0	0	0	200	200
5:Full	321756	100	0	0	266	0	266	0	0	0	200	200
5:Full	321956	100	0	0	267	0	267	0	0	0	200	200
5:Full	322156	100	0	0	267	0	267	0	0	0	200	200
5:Full	322356	100	0	0	267	0	177	-90	0	0	0	200
5:Full	322556	100	0	0	268	0	178	-90	0	0	0	200
5:Full	322756	100	0	0	267	0	177	-90	0	0	0	200
5:Full	322956	100	0	0	267	0	177	-90	0	0	0	200
5:Full	323156	100	0	0	267	0	177	-90	0	0	0	200
5:Full	323356	100	0	0	266	0	176	-90	0	0	0	200
5:Full	323569	100	0	0	266	0	176	-90	0	0	0	200
5:Full	323782	100	0	0	266	0	176	-90	0	0	0	200
5:Full	323982	100	0	0	267	0	177	-90	0	0	0	200
5:Full	324182	100	0	0	267	0	177	-90	0	0	0	200
5:Full	324382	100	0	0	266	0	176	-90	0	0	0	200
5:Full	324582	100	0	0	265	0	175	-90	0	0	0	200
5:Full	324782	100	0	0	265	0	175	-90	0	0	0	200
5:Full	324982	100	0	0	264	0	174	-90	0	0	0	200
5:Full	325182	100	0	0	263	0	263	0	0	0	200	200
5:Full	325382	100	0	0	263	0	263	0	0	0	200	200
5:Full	325582	100	0	0	263	0	263	0	0	0	200	200
5:Full	325782	100	0	0	262	0	262	0	0	0	200	200
5:Full	325982	100	0	0	261	0	261	0	0	0	200	200
5:Full	326182	100	0	0	260	0	260	0	0	0	200	200
5:Full	326382	100	0	0	260	0	260	0	0	0	200	200
5:Full	326582	100	0	0	259	0	259	0	0	0	200	200
5:Full	326782	100	0	0	258	0	258	0	0	0	200	200
5:Full	326982	100	0	0	258	0	258	0	0	0	200	200
5:Full	327182	100	0	0	257	0	257	0	0	0	200	200
5:Full	327382	100	0	0	256	0	256	0	0	0	200	200
5:Full	327582	100	0	0	256	0	256	0	0	0	200	200
5:Full	327782	100	0	0	256	0	256	0	0	0	200	200
5:Full	327982	100	0	0	255	0	255	0	0	0	200	200
5:Full	328182	100	0	0	255	0	255	0	0	0	200	200
5:Full	328382	100	0	0	254	0	254	0	0	0	200	200
5:Full	328582	100	0	0	253	0	253	0	0	0	200	200
5:Full	328782	100	0	0	253	0	253	0	0	0	200	200
5:Full	328982	100	0	0	253	0	253	0	0	0	200	200
5:Full	329182	100	0	0	253	0	253	0	0	0	200	200
5:Full	329382	100	0	0	253	0	253	0	0	0	200	200
5:Full	329582	100	0	0	252	0	252	0	0	0	200	200
5:Full	329782	100	0	0	251	0	251	0	0	0	200	200
5:Full	329982	100	0	0	251	0	251	0	0	0	200	200
5:Full	330182	100	0	0	251	0	251	0	0	0	200	200
5:Full	330382	100	0	0	251	0	251	0	0	0	200	200
5:Full	330582	100	0	0	251	0	251	0	0	0	200	200
5:Full	330782	100	0	0	250	0	250	0	0	0	200	200
5:Full	330982	100	0	0	250	0	250	0	0	0	200	200
5:Full	331195	100	0	0	250	0	250	0	0	0	200	200
5:Full	331395	100	0	0	250	0	250	0	0	0	200	200
5:Full	331595	100	0	0	250	0	250	0	0	0	200	200
5:Full	331795	100	0	0	250	0	250	0	0	0	200	200
5:Full	331995	100	0	0	249	0	249	0	0	0	200	200
5:Full	332195	100	0	0	249	0	249	0	0	0	200	200
5:Full	332395	100	0	0	249	0	249	0	0	0	200	200
5:Full	332595	100	0	0	249	0	249	0	0	0	200	200
5:Full	332795	100	0	0	249	0	249	0	0	0	200	200
5:Full	332995	100	0	0	248	0	248	0	0	0	200	200
5:Full	333195	100	0	0	247	0	247	0	0	0	200	200
5:Full	333395	100	0	0	248	0	248	0	0	0	200	200
5:Full	333595	100	0	0	247	0	247	0	0	0	200	200
5:Full	333795	100	0	0	248	0	248	0	0	0	200	200
5:Full	333995	100	0	0	248	0	248	0	0	0	200	200
5:Full	334195	100	0	0	247	0	247	0	0	0	200	200
5:Full	334395	100	0	0	247	0	247	0	0	0	200	200
5:Full	334595	100	0	0	247	0	247	0	0	0	200	200
5:Full	334795	100	0	0	247	0	247	0	0	0	200	200
5:Full	334995	100	0	0	247	0	247	0	0	0	200	200
5:Full	335195	100	0	0	247	0	247	0	0	0	200	200
5:Full	335395	100	0	0	246	0	246	0	0	0	200	200
5:Full	335595	100	0	0	245	0	245	0	0	0	200	200
5:Full	335795	100	0	0	245	0	245	0	0	0	200	200
5:Full	335995	100	0	0	246	0	246	0	0	0	200	200
5:Full	336195	100	0	0	246	0	246	0	0	0	200	200
5:Full	336395	100	0	0	246	0	246	0	0	0	200	200
5:Full	336595	100	0	0	245	0	245	0	0	0	200	200
5:Full	336795	100	0	0	245	0	245	0	0	0	200	200
5:Full	336995	100	0	0	245	0	245	0	0	0	200	200
5:Full	337195	100	0	0	244	0	244	0	0	0	200	200
5:Full	337395	100	0	0	244	0	244	0	0	0	200	200
5:Full	337595	100	0	0	244	0	244	0	0	0	200	200
5:Full	337795	100	0	0	244	0	244	0	0	0	200	200
5:Full	337995	100	0	0	244	0	244	0	0	0	200	200
5:Full	338195	100	0	0	243	0	243	0	0	0	200	200
5:Full	338395	100	0	0	243	0	243	0	0	0	200	200
5:Full	338595	100	0	0	243	0	243	0	0	0	200	200
5:Full	338795	100	0	0	243	0	243	0	0	0	200	200
5:Full	338995	100	0	0	243	0	243	0	0	0	200	200
5:Full	339195	100	0	0	244	0	244	0	0	0	200	200
5:Full	339395	100	0	0	243	0	243	0	0	0	200	200
5:Full	339595	100	0	0	244	0	244	0	0	0	200	200
5:Full	339795	100	0	0	244	0	244	0	0	0	200	200
5:Full	339995	100	0	0	244	0	244	0	0	0	200	200
5:Full	340208	100	0	0	244	0	244	0	0	0	200	200
5:Full	340421	100	0	0	244	0	244	0	0	0	200	200
5:Full	340621	100	0	0	243	0	243	0	0	0	200	200
5:Full	340822	100	0	0	243	0	243	0	0	0	200	200
5:Full	341022	100	0	0	243	0	243	0	0	0	200	200
5:Full	341222	100	0	0	244	0	244	0	0	0	200	200
5:Full	341422	100	0	0	244	0	244	0	0	0	200	200
5:Full	341622	100	0	0	244	0	244	0	0	0	200	200
5:Full	341822	100	0	0	244	0	244	0	0	0	200	200
5:Full	342022	100	0	0	243	0	243	0	0	0	200	200
5:Full	342222	100	0	0	243	0	243	0	0	0	200	200
5:Full	342422	100	0	0	243	0	243	0	0	0	200	200
5:Full	342622	100	0	0	243	0	243	0	0	0	200	200
5:Full	342822	100	0	0	244	0	244	0	0	0	200	200
5:Full	343022	100	0	0	243	0	243	0	0	0	200	200
5:Full	343222	100	0	0	243	0	243	0	0	0	200	200
5:Full	343422	100	0	0	243	0	243	0	0	0	200	200
5:Full	343622	100	0	0	242	0	242	0	0	0	200	200
5:Full	343822	100	0	0	243	0	243	0	0	0	200	200
5:Full	344022	100	0	0	244	0	244	0	0	0	200	200
5:Full	344222	100	0	0	243	0	243	0	0	0	200	200
5:Full	344422	100	0	0	243	0	243	0	0	0	200	200
5:Full	344622	100	0	0	243	0	243	0	0	0	200	200
5:Full	344822	100	0	0	243	0	243	0	0	0	200	200
5:Full	345022	100	0	0	243	0	243	0	0	0	200	200
5:Full	345222	100	0	0	243	0	243	0	0	0	200	200
5:Full	345422	100	0	0	244	0	244	0	0	0	200	200
5:Full	345622	100	0	0	244	0	244	0	0	0	200	200
5:Full	345822	100	0	0	242	0	242	0	0	0	200	200
5:Full	346022	100	0	0	242	0	242	0	0	0	200	200
5:Full	346222	100	0	0	243	0	243	0	0	0	200	200
5:Full	346422	100	0	0	243	0	243	0	0	0	200	200
5:Full	346622	100	0	0	243	0	243	0	0	0	200	200
5:Full	346822	100	0	0	243	0	243	0	0	0	200	200
5:Full	347022	100	0	0	243	0	243	0	0	0	200	200
5:Full	347222	100	0	0	243	0	243	0	0	0	200	200
5:Full	347422	100	0	0	243	0	243	0	0	0	200	200
5:Full	347635	100	0	0	243	0	243	0	0	0	200	200
5:Full	347835	100	0	0	243	0	243	0	0	0	200	200
5:Full	348035	100	0	0	244	0	244	0	0	0	200	200
5:Full	348235	100	0	0	244	0	244	0	0	0	200	200
5:Full	348435	100	0	0	244	0	244	0	0	0	200	200
5:Full	348635	100	0	0	244	0	244	0	0	0	200	200
5:Full	348835	100	0	0	244	0	244	0	0	0	200	200
5:Full	349035	100	0	0	243	0	243	0	0	0	200	200
5:Full	349235	100	0	0	244	0	244	0	0	0	200	200
5:Full	349435	100	0	0	244	0	244	0	0	0	200	200
5:Full	349635	100	0	0	244	0	244	0	0	0	200	200
5:Full	349835	100	0	0	244	0	244	0	0	0	200	200
5:Full	350035	100	0	0	244	0	244	0	0	0	200	200
5:Full	350235	100	0	0	244	0	244	0	0	0	200	200
5:Full	350435	100	0	0	244	0	244	0	0	0	200	200
5:Full	350635	100	0	0	244	0	244	0	0	0	200	200
5:Full	350835	100	0	0	244	0	244	0	0	0	200	200
5:Full	351035	100	0	0	244	0	244	0	0	0	200	200
5:Full	351235	100	0	0	245	0	245	0	0	0	200	200
5:Full	351435	100	0	0	245	0	245	0	0	0	200	200
5:Full	351635	100	0	0	245	0	245	0	0	0	200	200
5:Full	351835	100	0	0	244	0	244	0	0	0	200	200
5:Full	352035	100	0	0	244	0	244	0	0	0	200	200
5:Full	352235	100	0	0	244	0	244	0	0	0	200	200
5:Full	352435	100	0	0	245	0	245	0	0	0	200	200
5:Full	352635	100	0	0	245	0	245	0	0	0	200	200
5:Full	352835	100	0	0	245	0	245	0	0	0	200	200
5:Full	353035	100	0	0	246	0	246	0	0	0	200	200
5:Full	353235	100	0	0	246	0	246	0	0	0	200	200
5:Full	353437	0	0	0	246	0	246	0	0	0	100	100
5:Full	353637	0	0	0	246	0	246	0	0	0	101	99
5:Full	353837	0	0	0	246	0	246	0	0	0	101	99
5:Full	354051	0	0	0	246	0	246	0	0	0	101	99
5:Full	354251	0	0	0	246	0	246	0	0	0	101	99
5:Full	354451	0	0	0	247	0	247	0	0	0	101	99
5:Full	354652	0	0	0	247	0	247	0	0	0	101	99
5:Full	354853	0	0	0	247	0	247	0	0	0	101	99
5:Full	355056	0	0	0	248	0	248	0	0	0	101	99
5:Full	355257	0	0	0	248	0	248	0	0	0	101	99
5:Full	355458	0	0	0	248	0	248	0	0	0	101	99
1:Man. 	359085	0	0	0	253	0	253	0	0	0	107	93
1:Man. 	359286	0	0	0	254	0	253	0	0	0	107	93
1:Man. 	359487	0	0	0	254	0	253	-1	-3	-1	104	96
1:Man. 	359689	0	0	0	255	0	253	-2	-8	-1	103	97
1:Man. 	359892	0	0	0	254	0	253	-2	-16	-1	103	97
1:Man. 	360092	0	0	0	255	0	253	-2	-23	-1	98	102
1:Man. 	360310	0	0	0	255	0	253	-2	-29	-1	98	102
1:Man. 	360511	0	0	0	255	0	253	-2	-38	-1	98	102
1:Man. 	360713	0	0	0	256	0	253	-3	-50	-1	97	103
1:Man. 	360913	2	0	0	257	0	253	-3	-59	-1	98	104
1:Man. 	361113	6	0	0	257	0	253	-4	-75	-1	101	109
1:Man. 	361313	10	0	0	257	0	253	-4	-91	-1	105	113
1:Man. 	361513	14	0	0	257	0	253	-4	-107	-1	109	117
1:Man. 	361717	17	0	0	258	0	253	-5	-125	-1	111	123
1:Man. 	361917	21	0	0	259	0	253	-5	-145	-1	115	127
1:Man. 	362117	25	0	0	259	0	253	-6	-169	-1	118	132
1:Man. 	362317	29	0	0	259	0	253	-6	-194	-1	122	136
1:Man. 	362517	33	0	0	260	0	253	-7	-221	-1	125	141
1:Man. 	362717	37	0	0	260	0	253	-7	-242	-1	128	144
1:Man. 	362917	41	0	0	260	0	253	-7	-270	-1	132	148
1:Man. 	363117	44	0	0	261	0	253	-7	-298	-1	136	152
1:Man. 	363317	48	0	0	262	0	253	-9	-332	-1	137	159
1:Man. 	363517	52	0	0	262	0	253	-10	-369	-1	140	164
1:Man. 	363717	55	0	0	262	0	253	-10	-399	-1	143	167
1:Man. 	363917	59	0	0	263	0	253	-10	-437	-1	147	171
1:Man. 	364118	63	0	0	263	0	253	-10	-476	-1	151	175
1:Man. 	364318	67	0	0	263	0	253	-10	-516	-1	155	179
1:Man. 	364518	71	0	0	263	0	253	-10	-556	-1	159	183
1:Man. 	364718	75	0	0	264	0	253	-11	-600	-1	162	188
1:Man. 	364918	79	0	0	265	0	253	-12	-634	-1	164	192
1:Man. 	365118	82	0	0	265	0	253	-12	-682	-1	168	196
1:Man. 	365318	86	0	0	265	0	253	-12	-731	-1	172	200
1:Man. 	365520	88	0	0	265	0	253	-12	-731	-1	174	200
1:Man. 	365722	88	0	0	265	0	253	-12	-731	-1	174	200
1:Man. 	365924	88	0	0	265	0	253	-12	-731	-1	174	200
1:Man. 	366125	88	0	0	266	0	253	-13	-731	-1	172	200
1:Man. 	366327	88	0	0	267	0	253	-14	-731	-1	171	200
1:Man. 	366528	88	0	0	267	0	253	-14	-731	-1	171	200
1:Man. 	366730	88	0	0	267	0	253	-14	-731	-1	171	200
1:Man. 	366931	88	0	0	267	0	253	-13	-731	-1	172	200
1:Man. 	367131	88	0	0	267	0	253	-14	-731	-1	171	200
1:Man. 	367331	88	0	0	267	0	253	-14	-731	-1	169	200
1:Man. 	367531	88	0	0	268	0	253	-16	-731	-1	167	200
1:Man. 	367732	88	0	0	269	0	253	-15	-731	-1	168	200
1:Man. 	367933	88	0	0	269	0	253	-16	-731	-1	167	200
1:Man. 	368135	88	0	0	269	0	253	-16	-731	-1	167	200
1:Man. 	368337	88	0	0	269	0	253	-16	-731	-1	167	200
1:Man. 	368537	88	0	0	269	0	253	-16	-731	-1	169	200
1:Man. 	368738	88	0	0	269	0	253	-16	-731	-1	169	200
1:Man. 	368941	88	0	0	270	0	253	-17	-731	-1	167	200
1:Man. 	369143	88	0	0	270	0	253	-17	-731	-1	167	200
1:Man. 	369345	88	0	0	271	0	253	-18	-731	-1	166	200
1:Man. 	369545	88	0	0	271	0	253	-18	-731	-1	166	200
1:Man. 	369746	88	0	0	271	0	253	-18	-731	-1	166	200
1:Man. 	369949	88	0	0	270	0	253	-17	-731	-1	167	200
1:Man. 	370149	88	0	0	271	0	253	-17	-731	-1	167	200
1:Man. 	370352	88	0	0	271	0	253	-18	-731	-1	166	200
1:Man. 	370554	88	0	0	272	0	253	-19	-731	-1	164	200
1:Man. 	370756	88	0	0	272	0	253	-19	-731	-1	164	200
1:Man. 	370956	88	0	0	272	0	253	-19	-731	-1	164	200
1:Man. 	371159	88	0	0	272	0	253	-19	-731	-1	164	200
1:Man. 	371361	88	0	0	271	0	253	-18	-731	-1	165	200
1:Man. 	371561	88	0	0	271	0	253	-19	-731	-1	161	200
1:Man. 	371761	88	0	0	272	0	253	-19	-731	-1	161	200
1:Man. 	371963	88	0	0	273	0	253	-20	-731	-1	160	200
1:Man. 	372164	88	0	0	273	0	253	-21	-731	-1	158	200
1:Man. 	372370	88	0	0	273	0	253	-20	-731	-1	160	200
1:Man. 	372570	88	0	0	273	0	253	-20	-731	-1	164	200
1:Man. 	372771	88	0	0	273	0	253	-20	-731	-1	164	200
1:Man. 	372973	88	0	0	272	0	253	-19	-731	-1	165	200
1:Man. 	373175	88	0	0	273	0	253	-20	-731	-1	164	200
1:Man. 	373378	88	0	0	273	0	253	-20	-731	-1	164	200
1:Man. 	373580	88	0	0	273	0	253	-20	-731	-1	162	200
1:Man. 	373780	88	0	0	273	0	253	-21	-731	-1	160	200
1:Man. 	373980	88	0	0	273	0	253	-20	-731	-1	162	200
1:Man. 	374181	88	0	0	273	0	253	-20	-731	-1	162	200
1:Man. 	374390	88	0	0	273	0	253	-20	-731	-1	162	200
1:Man. 	374590	88	0	0	272	0	253	-19	-731	-1	161	200
1:Man. 	374791	88	0	0	272	0	253	-19	-731	-1	161	200
1:Man. 	374994	88	0	0	273	0	253	-20	-731	-1	160	200
1:Man. 	375196	88	0	0	273	0	253	-20	-731	-1	160	200
1:Man. 	375398	88	0	0	273	0	253	-20	-731	-1	160	200
1:Man. 	375598	88	0	0	272	0	253	-19	-731	-1	164	200
1:Man. 	375799	88	0	0	272	0	253	-19	-731	-1	164	200
1:Man. 	375999	88	0	0	272	0	253	-19	-731	-1	164	200
1:Man. 	376199	88	0	0	272	0	253	-19	-731	-1	164	200
1:Man. 	376408	88	0	0	273	0	253	-20	-731	-1	163	200
1:Man. 	376610	88	0	0	273	0	253	-20	-731	-1	162	200
1:Man. 	376812	88	0	0	271	0	253	-19	-731	-1	163	200
1:Man. 	377012	88	0	0	271	0	253	-19	-731	-1	163	200
1:Man. 	377229	88	0	0	271	0	253	-18	-731	-1	164	200
1:Man. 	377432	88	0	0	271	0	253	-18	-731	-1	164	200
1:Man. 	377632	88	0	0	271	0	253	-18	-731	-1	161	200
1:Man. 	377851	88	0	0	270	0	253	-18	-731	-1	161	200
1:Man. 	378051	88	0	0	270	0	253	-17	-731	-1	162	200
1:Man. 	378253	88	0	0	270	0	253	-17	-731	-1	162	200
1:Man. 	378456	88	0	0	270	0	253	-17	-731	-1	162	200
1:Man. 	378657	88	0	0	270	0	253	-17	-731	-1	163	200
1:Man. 	378857	88	0	0	269	0	253	-16	-731	-1	165	200
1:Man. 	379060	88	0	0	269	0	253	-16	-731	-1	165	200
1:Man. 	379279	88	0	0	268	0	253	-15	-731	-1	166	200
1:Man. 	379479	88	0	0	268	0	253	-15	-731	-1	166	200
1:Man. 	379680	88	0	0	268	0	253	-15	-731	-1	165	200
1:Man. 	379881	88	0	0	268	0	253	-15	-731	-1	165	200
1:Man. 	380084	88	0	0	267	0	253	-14	-731	-1	166	200
1:Man. 	380286	88	0	0	266	0	253	-13	-731	-1	167	200
1:Man. 	380486	88	0	0	266	0	253	-13	-731	-1	167	200
1:Man. 	380702	88	0	0	266	0	253	-13	-731	-1	167	200
1:Man. 	380902	88	0	0	266	0	253	-13	-731	-1	167	200
1:Man. 	381104	88	0	0	265	0	253	-12	-731	-1	169	200
1:Man. 	381306	88	0	0	265	0	253	-12	-731	-1	169	200
1:Man. 	381508	88	0	0	265	0	253	-12	-731	-1	169	200
1:Man. 	381709	88	0	0	265	0	253	-12	-731	-1	170	200
1:Man. 	381912	88	0	0	265	0	253	-12	-731	-1	170	200
1:Man. 	382114	88	0	0	265	0	253	-12	-731	-1	170	200
1:Man. 	382314	88	0	0	264	0	253	-11	-731	-1	171	200
1:Man. 	382514	88	0	0	263	0	253	-10	-731	-1	172	200
1:Man. 	382715	88	0	0	263	0	253	-10	-731	-1	172	200
1:Man. 	382915	88	0	0	262	0	253	-9	-731	-1	172	200
1:Man. 	383117	88	0	0	262	0	253	-9	-731	-1	172	200
1:Man. 	383320	88	0	0	262	0	253	-9	-731	-1	172	200
1:Man. 	383522	88	0	0	261	0	253	-8	-731	-1	174	200
1:Man. 	383722	88	0	0	261	0	253	-8	-731	-1	174	200
1:Man. 	383922	88	0	0	261	0	253	-7	-731	-1	175	200
1:Man. 	384124	88	0	0	261	0	253	-8	-731	-1	174	200
1:Man. 	384324	88	0	0	260	0	253	-7	-731	-1	175	200
1:Man. 	384527	88	0	0	260	0	253	-7	-731	-1	175	200
1:Man. 	384727	88	0	0	258	0	253	-5	-741	-1	177	199
1:Man. 	384927	88	0	0	257	0	253	-4	-751	-1	178	198
1:Man. 	385127	88	0	0	257	0	253	-4	-764	-1	178	198
1:Man. 	385328	88	0	0	258	0	253	-5	-777	-1	176	200
1:Man. 	385529	88	0	0	258	0	253	-5	-777	-1	176	200
1:Man. 	385729	88	0	0	258	0	253	-5	-777	-1	176	200
1:Man. 	385930	88	0	0	257	0	253	-4	-785	-1	180	196
1:Man. 	386132	88	0	0	256	0	253	-3	-796	-1	181	195
1:Man. 	386333	88	0	0	255	0	253	-2	-807	-1	182	194
1:Man. 	386534	88	0	0	255	0	253	-2	-815	-1	182	194
1:Man. 	386734	88	0	0	256	0	253	-3	-823	-1	181	195
1:Man. 	386935	88	0	0	256	0	253	-3	-834	-1	181	195
1:Man. 	387137	88	0	0	255	0	253	-2	-843	-1	182	194
1:Man. 	387337	88	0	0	255	0	253	-1	-848	-1	183	193
1:Man. 	387537	88	0	0	254	0	253	-1	-853	-1	183	193
1:Man. 	387738	88	0	0	253	0	253	0	-855	-1	185	191
1:Man. 	387939	88	0	0	254	0	253	-1	-858	-1	182	194
1:Man. 	388141	88	0	0	254	0	253	-1	-862	-1	182	194
1:Man. 	388341	88	0	0	254	0	253	-1	-866	-1	182	194
1:Man. 	388541	88	0	0	253	0	253	0	-866	-1	184	192
1:Man. 	388742	88	0	0	252	0	253	1	-864	-1	185	191
1:Man. 	388945	88	0	0	252	0	253	1	-861	-1	185	191
1:Man. 	389146	88	0	0	252	0	253	2	-856	-1	186	190
1:Man. 	389347	88	0	0	251	0	253	2	-848	-1	186	190
1:Man. 	389548	88	0	0	252	0	253	1	-842	-1	185	191
1:Man. 	389748	88	0	0	251	0	253	2	-835	-1	186	190
1:Man. 	389948	88	0	0	251	0	253	2	-829	-1	187	189
1:Man. 	390149	88	0	0	250	0	253	3	-820	-1	188	188
1:Man. 	390349	88	0	0	250	0	253	3	-808	-1	188	188
1:Man. 	390549	88	0	0	250	0	253	3	-799	-1	188	188
1:Man. 	390750	88	0	0	250	0	253	3	-787	-1	188	188
1:Man. 	390951	88	0	0	250	0	253	3	-775	-1	188	188
1:Man. 	391153	88	0	0	250	0	253	3	-763	-1	188	188
1:Man. 	391354	88	0	0	249	0	253	4	-751	-1	190	186
1:Man. 	391555	88	0	0	248	0	253	5	-734	-1	191	185
1:Man. 	391755	88	0	0	248	0	253	5	-714	-1	191	185
1:Man. 	391956	88	0	0	248	0	253	5	-699	-1	191	185
1:Man. 	392158	88	0	0	249	0	253	4	-683	-1	190	186
1:Man. 	392359	88	0	0	249	0	253	4	-667	-1	190	186
1:Man. 	392570	88	0	0	248	0	253	5	-648	-1	191	185
1:Man. 	392772	88	0	0	247	0	253	5	-629	-1	191	185
1:Man. 	392972	88	0	0	247	0	253	6	-612	-1	192	184
1:Man. 	393175	88	0	0	247	0	253	6	-588	-1	191	185
1:Man. 	393375	88	0	0	247	0	253	6	-564	-1	191	185
1:Man. 	393576	88	0	0	247	0	253	6	-540	-1	191	185
1:Man. 	393777	88	0	0	247	0	253	6	-522	-1	191	185
1:Man. 	393977	88	0	0	247	0	253	6	-498	-1	191	185
1:Man. 	394179	88	0	0	247	0	253	7	-473	-1	195	181
1:Man. 	394380	88	0	0	246	0	253	7	-447	-1	195	181
1:Man. 	394584	88	0	0	245	0	253	8	-417	-1	197	179
1:Man. 	394787	88	0	0	245	0	253	8	-385	-1	197	179
1:Man. 	394988	88	0	0	245	0	253	8	-353	-1	197	179
1:Man. 	395189	88	0	0	246	0	253	7	-331	-1	192	184
1:Man. 	395389	88	0	0	246	0	253	7	-303	-1	192	184
1:Man. 	395590	88	0	0	246	0	253	7	-275	-1	192	184
1:Man. 	395790	88	0	0	245	0	253	8	-244	-1	194	182
1:Man. 	395991	88	0	0	245	0	253	8	-211	-1	194	182
1:Man. 	396191	88	0	0	244	0	253	9	-184	-1	196	180
1:Man. 	396392	88	0	0	245	0	253	8	-151	-1	195	181
1:Man. 	396592	88	0	0	244	0	253	9	-125	-1	196	180
1:Man. 	396795	88	0	0	244	0	253	8	-92	-1	195	181
1:Man. 	396996	88	0	0	244	0	253	9	-57	-1	196	180
1:Man. 	397197	88	0	0	244	0	253	9	-23	-1	199	177
1:Man. 	397400	88	0	0	244	0	253	8	2	0	199	177
1:Man. 	397601	88	0	0	244	0	253	9	11	0	200	176
1:Man. 	397801	88	0	0	244	0	253	9	11	0	200	176
1:Man. 	398003	88	0	0	244	0	253	9	11	0	200	176
1:Man. 	398205	88	0	0	243	0	253	10	31	0	197	179
1:Man. 	398405	88	0	0	244	0	253	9	59	0	196	180
1:Man. 	398616	88	0	0	244	0	253	10	98	0	197	179
1:Man. 	398816	88	0	0	244	0	253	9	134	0	196	180
1:Man. 	399017	88	0	0	244	0	253	9	170	0	196	180
1:Man. 	399217	88	0	0	244	0	253	9	188	0	200	176
1:Man. 	399419	88	0	0	244	0	253	9	188	0	200	176
1:Man. 	399621	88	0	0	244	0	253	9	188	0	200	176
1:Man. 	399823	88	0	0	243	0	253	10	188	0	200	175
1:Man. 	400023	88	0	0	243	0	253	10	188	0	200	175
1:Man. 	400223	88	0	0	243	0	253	10	198	0	200	176
1:Man. 	400423	88	0	0	244	0	253	9	216	0	199	177
1:Man. 	400631	88	0	0	244	0	253	9	251	0	199	177
1:Man. 	400832	88	0	0	245	0	253	8	283	0	198	178
1:Man. 	401034	88	0	0	244	0	253	9	317	0	199	177
1:Man. 	401236	88	0	0	244	0	253	9	353	0	199	177
1:Man. 	401437	88	0	0	244	0	253	9	380	0	199	177
1:Man. 	401639	88	0	0	244	0	253	9	416	0	199	177
1:Man. 	401839	88	0	0	245	0	253	8	451	0	198	178
1:Man. 	402039	88	0	0	245	0	253	9	9	0	149	127
1:Man. 	402239	88	0	0	245	0	253	8	8	0	149	127
1:Man. 	402439	88	0	0	246	0	253	7	7	0	147	129
1:Man. 	402639	88	0	0	245	0	253	8	8	0	149	127
1:Man. 	402839	88	0	0	246	0	253	7	7	0	147	129
1:Man. 	403039	88	0	0	246	0	253	7	7	0	147	129
1:Man. 	403239	88	0	0	246	0	253	8	8	0	148	128
1:Man. 	403439	88	0	0	246	0	253	7	7	0	146	130
1:Man. 	403639	88	0	0	246	0	253	7	7	0	146	130
1:Man. 	403841	88	0	0	246	0	253	7	7	0	196	180
1:Man. 	404041	88	0	0	246	0	253	7	35	0	196	180
1:Man. 	404243	88	0	0	247	0	253	7	62	0	197	179
1:Man. 	404444	88	0	0	247	0	253	6	87	0	196	180
1:Man. 	404658	88	0	0	247	0	253	6	105	0	196	180
1:Man. 	404861	88	0	0	247	0	253	6	129	0	196	180
1:Man. 	405064	88	0	0	247	0	253	6	151	0	196	180
1:Man. 	405264	88	0	0	248	0	253	6	174	0	196	180
1:Man. 	405465	88	0	0	248	0	253	5	194	0	195	181
1:Man. 	405665	88	0	0	248	0	253	5	5	0	145	131
1:Man. 	405865	88	0	0	249	0	253	5	5	0	145	131
1:Man. 	406065	88	0	0	249	0	253	4	4	0	144	132
1:Man. 	406265	88	0	0	250	0	253	3	3	0	144	132
1:Man. 	406465	88	0	0	250	0	253	3	3	0	144	132
1:Man. 	406665	88	0	0	250	0	253	3	3	0	144	132
1:Man. 	406865	88	0	0	251	0	253	2	2	0	143	133
1:Man. 	407065	88	0	0	251	0	253	2	2	0	143	133
1:Man. 	407265	88	0	0	251	0	253	2	2	0	143	133
1:Man. 	407479	88	0	0	252	0	253	1	1	0	140	136
1:Man. 	407683	88	0	0	252	0	253	1	1	0	190	186
1:Man. 	407883	88	0	0	252	0	253	1	5	0	190	186
1:Man. 	408085	88	0	0	252	0	253	1	9	0	190	186
1:Man. 	408285	88	0	0	253	0	253	0	0	0	189	187
2:Turn 	408485	0	0	0	253	0	254	1	4	0	103	97
2:Turn 	408686	0	0	0	253	0	254	1	8	0	103	97
2:Turn 	408900	0	0	0	254	0	254	0	11	0	102	98
2:Turn 	409102	0	0	0	254	0	254	0	11	0	102	98
2:Turn 	409303	0	0	0	254	0	254	0	10	0	102	98
2:Turn 	409504	0	0	0	255	0	254	-1	7	0	100	100
2:Turn 	409704	0	0	0	256	0	255	-1	6	0	100	100
3:Fix 	409913	0	0	0	256	0	0	104	104	0	200	0
3:Fix 	410116	0	0	0	257	0	0	103	104	0	200	0
3:Fix 	410316	0	0	0	257	0	0	103	104	0	200	0
3:Fix 	410518	0	0	0	257	0	0	103	104	0	200	0
3:Fix 	410720	0	0	0	257	0	0	103	104	0	200	0
5:Full	412655	0	0	0	264	0	264	0	104	0	108	92
5:Full	412858	0	0	0	264	0	264	0	0	0	108	92
5:Full	413062	0	0	0	265	0	265	0	0	0	108	92
5:Full	413262	0	0	0	265	0	265	0	0	0	108	92
5:Full	413462	0	0	0	266	0	266	0	0	0	108	92
5:Full	413665	0	0	0	267	0	267	0	0	0	108	92
