Fri Jul 17 08:28:49 2015
It's time to go fishing with the Dailys!!
Setting up CAN0...
CAN0 init ok!!
#:Mode	Millis	Speed	Lat	Long	Head	Final	Goal	Diff	Sum	Drift	Left	Right
1:Man. 	4793	0	0	0	128	0	128	0	0	0	200	0
1:Man. 	4994	0	0	0	127	0	128	1	0	0	200	0
1:Man. 	5196	0	0	0	127	0	128	1	0	0	200	0
1:Man. 	5396	0	0	0	127	0	127	0	0	0	200	0
2:Turn 	5596	0	0	0	127	0	126	-1	0	0	200	0
2:Turn 	5798	0	0	0	127	0	126	-1	0	0	200	0
2:Turn 	6018	0	0	0	127	0	126	-1	-3	-1	95	105
3:Fix 	6228	0	0	0	127	0	0	-127	-127	-2	0	200
3:Fix 	6428	0	0	0	127	0	0	-127	-127	-2	0	200
3:Fix 	6629	0	0	0	127	0	0	-127	-127	-2	0	200
3:Fix 	6829	0	0	0	127	0	0	-127	-127	-2	0	200
5:Full	8004	0	0	0	130	0	130	0	-127	-2	86	114
5:Full	8205	0	0	0	130	0	130	0	0	0	104	96
5:Full	8406	0	0	0	130	0	130	0	0	0	104	96
5:Full	8606	0	0	0	130	0	130	0	0	0	104	96
5:Full	8806	0	0	0	130	0	130	0	0	0	104	96
5:Full	9008	0	0	0	130	0	130	0	0	0	104	96
5:Full	9208	0	0	0	130	0	130	0	0	0	100	100
5:Full	9409	0	0	0	130	0	130	0	0	0	100	100
5:Full	9610	0	0	0	130	0	130	0	0	0	100	100
5:Full	9810	0	0	0	130	0	130	0	0	0	100	100
5:Full	10011	0	0	0	130	0	130	0	0	0	100	100
5:Full	10212	0	0	0	130	0	130	0	0	0	100	100
5:Full	10413	0	0	0	130	0	130	0	0	0	100	100
5:Full	10613	0	0	0	130	0	130	0	0	0	100	100
5:Full	10814	0	0	0	130	0	130	0	0	0	100	100
5:Full	11016	0	0	0	130	0	130	0	0	0	100	100
5:Full	11216	0	0	0	130	0	130	0	0	0	100	100
5:Full	11417	0	0	0	130	0	130	0	0	0	100	100
5:Full	11618	0	0	0	130	0	130	0	0	0	100	100
5:Full	11822	0	0	0	130	0	130	0	0	0	100	100
5:Full	12023	0	0	0	130	0	130	0	0	0	100	100
5:Full	12224	0	0	0	130	0	130	0	0	0	100	100
5:Full	12424	0	0	0	130	0	130	0	0	0	100	100
5:Full	12624	0	0	0	130	0	130	0	0	0	100	100
5:Full	12825	0	0	0	130	0	130	0	0	0	100	100
5:Full	13027	0	0	0	130	0	130	0	0	0	100	100
5:Full	13228	0	0	0	130	0	130	0	0	0	100	100
5:Full	13428	0	0	0	130	0	130	0	0	0	100	100
5:Full	13629	0	0	0	130	0	130	0	0	0	100	100
5:Full	13830	0	0	0	130	0	130	0	0	0	100	100
5:Full	14030	0	0	0	130	0	130	0	0	0	100	100
5:Full	14232	0	0	0	130	0	130	0	0	0	100	100
5:Full	14432	0	0	0	130	0	130	0	0	0	100	100
5:Full	14632	0	0	0	130	0	130	0	0	0	100	100
5:Full	14833	0	0	0	130	0	130	0	0	0	100	100
5:Full	15035	0	0	0	130	0	130	0	0	0	100	100
5:Full	15236	0	0	0	130	0	130	0	0	0	100	100
5:Full	15436	0	0	0	130	0	130	0	0	0	100	100
5:Full	15636	0	0	0	130	0	130	0	0	0	100	100
5:Full	15838	0	0	0	130	0	130	0	0	0	100	100
5:Full	16038	0	0	0	130	0	130	0	0	0	100	100
5:Full	16239	0	0	0	130	0	130	0	0	0	100	100
5:Full	16440	0	0	0	130	0	130	0	0	0	100	100
5:Full	16641	0	0	0	130	0	130	0	0	0	100	100
5:Full	16841	0	0	0	130	0	130	0	0	0	100	100
5:Full	17042	0	0	0	130	0	130	0	0	0	100	100
5:Full	17244	0	0	0	130	0	130	0	0	0	100	100
5:Full	17444	0	0	0	130	0	130	0	0	0	100	100
5:Full	17644	0	0	0	130	0	130	0	0	0	100	100
5:Full	17846	0	0	0	130	0	130	0	0	0	100	100
5:Full	18046	0	0	0	129	0	129	0	0	0	100	100
5:Full	18247	0	0	0	129	0	129	0	0	0	100	100
5:Full	18448	0	0	0	129	0	129	0	0	0	98	102
5:Full	18649	0	0	0	129	0	129	0	0	0	98	102
5:Full	18852	0	0	0	129	0	129	0	0	0	98	102
5:Full	19054	0	0	0	129	0	129	0	0	0	98	102
5:Full	19254	0	0	0	129	0	129	0	0	0	98	102
5:Full	19454	0	0	0	129	0	129	0	0	0	100	100
5:Full	19655	0	0	0	129	0	129	0	0	0	100	100
5:Full	19856	0	0	0	129	0	129	0	0	0	100	100
5:Full	20058	0	0	0	130	0	130	0	0	0	100	100
5:Full	20258	0	0	0	130	0	130	0	0	0	100	100
5:Full	20459	0	0	0	130	0	130	0	0	0	101	99
5:Full	20659	0	0	0	130	0	130	0	0	0	101	99
5:Full	20859	0	0	0	130	0	130	0	0	0	101	99
5:Full	21061	0	0	0	128	0	128	0	0	0	101	99
5:Full	21262	0	0	0	128	0	128	0	0	0	101	99
5:Full	21463	0	0	0	128	0	128	0	0	0	97	103
5:Full	21663	0	0	0	128	0	128	0	0	0	97	103
5:Full	21863	0	0	0	128	0	128	0	0	0	97	103
5:Full	22065	0	0	0	129	0	129	0	0	0	97	103
5:Full	22265	0	0	0	129	0	129	0	0	0	97	103
5:Full	22466	0	0	0	129	0	129	0	0	0	101	99
5:Full	22667	0	0	0	129	0	129	0	0	0	101	99
5:Full	22867	0	0	0	129	0	129	0	0	0	101	99
5:Full	23068	0	0	0	130	0	130	0	0	0	101	99
5:Full	23269	0	0	0	130	0	130	0	0	0	101	99
5:Full	23470	0	0	0	130	0	130	0	0	0	101	99
5:Full	23670	0	0	0	130	0	130	0	0	0	101	99
5:Full	23870	0	0	0	130	0	130	0	0	0	101	99
5:Full	24072	0	0	0	126	0	126	0	0	0	101	99
5:Full	24272	0	0	0	126	0	126	0	0	0	101	99
5:Full	24473	0	0	0	126	0	126	0	0	0	94	106
5:Full	24674	0	0	0	126	0	126	0	0	0	94	106
5:Full	24875	0	0	0	126	0	126	0	0	0	94	106
5:Full	25075	0	0	0	129	0	129	0	0	0	94	106
5:Full	25276	0	0	0	129	0	129	0	0	0	94	106
5:Full	25477	0	0	0	129	0	129	0	0	0	94	106
5:Full	25677	0	0	0	129	0	129	0	0	0	104	96
5:Full	25878	0	0	0	129	0	129	0	0	0	104	96
5:Full	26079	0	0	0	127	0	127	0	0	0	104	96
5:Full	26279	0	0	0	127	0	127	0	0	0	104	96
5:Full	26480	0	0	0	127	0	127	0	0	0	104	96
5:Full	26681	0	0	0	127	0	127	0	0	0	97	103
5:Full	26882	0	0	0	127	0	127	0	0	0	97	103
5:Full	27082	0	0	0	127	0	127	0	0	0	97	103
5:Full	27283	0	0	0	127	0	127	0	0	0	97	103
5:Full	27484	0	0	0	127	0	127	0	0	0	97	103
5:Full	27684	0	0	0	127	0	127	0	0	0	100	100
5:Full	27885	0	0	0	127	0	127	0	0	0	100	100
5:Full	28087	0	0	0	128	0	128	0	0	0	100	100
5:Full	28288	0	0	0	128	0	128	0	0	0	100	100
5:Full	28488	100	0	0	128	0	128	0	0	0	100	100
5:Full	28688	100	0	0	128	0	128	0	0	0	200	200
5:Full	28888	100	0	0	128	0	128	0	0	0	200	200
5:Full	29088	100	0	0	124	0	124	0	0	0	200	200
5:Full	29288	100	0	0	124	0	124	0	0	0	200	200
5:Full	29488	100	0	0	124	0	124	0	0	0	200	200
5:Full	29688	100	0	0	124	0	124	0	0	0	200	200
5:Full	29888	100	0	0	124	0	124	0	0	0	200	200
5:Full	30088	100	0	0	129	0	129	0	0	0	200	200
5:Full	30288	100	0	0	129	0	129	0	0	0	200	200
5:Full	30488	100	0	0	129	0	129	0	0	0	200	200
5:Full	30688	100	0	0	129	0	129	0	0	0	200	200
5:Full	30888	100	0	0	129	0	129	0	0	0	200	200
5:Full	31088	100	0	0	123	0	123	0	0	0	200	200
5:Full	31288	100	0	0	123	0	123	0	0	0	200	200
5:Full	31488	100	0	0	123	0	123	0	0	0	200	200
5:Full	31688	100	0	0	123	0	123	0	0	0	200	200
5:Full	31888	100	0	0	123	0	123	0	0	0	200	200
5:Full	32088	100	0	0	128	0	128	0	0	0	200	200
5:Full	32288	100	0	0	128	0	128	0	0	0	200	200
5:Full	32488	100	0	0	128	0	128	0	0	0	200	200
5:Full	32688	100	0	0	128	0	128	0	0	0	200	200
5:Full	32888	100	0	0	128	0	128	0	0	0	200	200
5:Full	33088	100	0	0	124	0	124	0	0	0	200	200
5:Full	33288	100	0	0	124	0	124	0	0	0	200	200
5:Full	33488	100	0	0	124	0	124	0	0	0	200	200
5:Full	33688	100	0	0	124	0	124	0	0	0	200	200
5:Full	33888	100	0	0	124	0	124	0	0	0	200	200
5:Full	34088	100	0	0	127	0	127	0	0	0	200	200
5:Full	34288	100	0	0	127	0	127	0	0	0	200	200
5:Full	34488	100	0	0	127	0	127	0	0	0	200	200
5:Full	34688	100	0	0	127	0	127	0	0	0	200	200
5:Full	34888	100	0	0	127	0	127	0	0	0	200	200
5:Full	35088	100	0	0	126	0	126	0	0	0	200	200
5:Full	35288	100	0	0	126	0	126	0	0	0	200	200
5:Full	35488	100	0	0	126	0	126	0	0	0	200	200
5:Full	35688	100	0	0	126	0	126	0	0	0	200	200
5:Full	35888	100	0	0	126	0	126	0	0	0	200	200
5:Full	36103	100	0	0	127	0	127	0	0	0	200	200
5:Full	36314	100	0	0	127	0	127	0	0	0	200	200
5:Full	36514	100	0	0	127	0	127	0	0	0	200	200
5:Full	36714	100	0	0	127	0	127	0	0	0	200	200
5:Full	36914	100	0	0	127	0	127	0	0	0	200	200
5:Full	37114	100	0	0	129	0	129	0	0	0	200	200
5:Full	37314	100	0	0	129	0	129	0	0	0	200	200
5:Full	37514	100	0	0	129	0	129	0	0	0	200	200
5:Full	37714	100	0	0	129	0	129	0	0	0	200	200
5:Full	37914	100	0	0	129	0	129	0	0	0	200	200
5:Full	38114	100	0	0	127	0	127	0	0	0	200	200
5:Full	38315	100	0	0	127	0	127	0	0	0	200	200
5:Full	38515	100	0	0	127	0	127	0	0	0	200	200
5:Full	38715	100	0	0	127	0	127	0	0	0	200	200
5:Full	38915	100	0	0	127	0	127	0	0	0	200	200
5:Full	39115	100	0	0	132	0	132	0	0	0	200	200
5:Full	39315	100	0	0	132	0	132	0	0	0	200	200
5:Full	39515	100	0	0	132	0	132	0	0	0	200	200
5:Full	39715	100	0	0	132	0	132	0	0	0	200	200
5:Full	39915	100	0	0	132	0	132	0	0	0	200	200
5:Full	40115	100	0	0	133	0	133	0	0	0	200	200
5:Full	40315	100	0	0	133	0	133	0	0	0	200	200
5:Full	40515	100	0	0	133	0	133	0	0	0	200	200
5:Full	40715	100	0	0	133	0	133	0	0	0	200	200
5:Full	40915	100	0	0	133	0	133	0	0	0	200	200
5:Full	41115	100	0	0	132	0	132	0	0	0	200	200
5:Full	41315	100	0	0	132	0	132	0	0	0	200	200
5:Full	41515	100	0	0	132	0	132	0	0	0	200	200
5:Full	41715	100	0	0	132	0	132	0	0	0	200	200
5:Full	41915	100	0	0	132	0	132	0	0	0	200	200
5:Full	42115	100	0	0	141	0	141	0	0	0	200	200
5:Full	42315	100	0	0	141	0	141	0	0	0	200	200
5:Full	42515	100	0	0	141	0	141	0	0	0	200	200
5:Full	42715	100	0	0	141	0	141	0	0	0	200	200
5:Full	42915	100	0	0	141	0	141	0	0	0	200	200
5:Full	43115	100	0	0	133	0	133	0	0	0	200	200
5:Full	43315	100	0	0	133	0	133	0	0	0	200	200
5:Full	43529	100	0	0	133	0	133	0	0	0	200	200
5:Full	43729	100	0	0	133	0	133	0	0	0	200	200
5:Full	43929	100	0	0	133	0	133	0	0	0	200	200
5:Full	44129	100	0	0	140	0	140	0	0	0	200	200
5:Full	44329	100	0	0	140	0	140	0	0	0	200	200
5:Full	44529	100	0	0	140	0	140	0	0	0	200	200
5:Full	44729	100	0	0	140	0	140	0	0	0	200	200
5:Full	44929	100	0	0	140	0	140	0	0	0	200	200
5:Full	45129	100	0	0	146	0	146	0	0	0	200	200
5:Full	45329	100	0	0	146	0	146	0	0	0	200	200
5:Full	45529	100	0	0	146	0	146	0	0	0	200	200
5:Full	45729	100	0	0	146	0	146	0	0	0	200	200
5:Full	45929	100	0	0	146	0	146	0	0	0	200	200
5:Full	46129	100	0	0	136	0	136	0	0	0	200	200
5:Full	46329	100	0	0	136	0	136	0	0	0	200	200
5:Full	46529	100	0	0	136	0	136	0	0	0	200	200
5:Full	46729	100	0	0	136	0	136	0	0	0	200	200
5:Full	46929	100	0	0	136	0	136	0	0	0	200	200
5:Full	47129	100	0	0	150	0	150	0	0	0	200	200
5:Full	47329	100	0	0	150	0	150	0	0	0	200	200
5:Full	47529	100	0	0	150	0	150	0	0	0	200	200
5:Full	47729	100	0	0	150	0	150	0	0	0	200	200
5:Full	47929	100	0	0	150	0	150	0	0	0	200	200
5:Full	48129	100	0	0	147	0	147	0	0	0	200	200
5:Full	48329	100	0	0	147	0	147	0	0	0	200	200
5:Full	48529	100	0	0	147	0	147	0	0	0	200	200
5:Full	48729	100	0	0	147	0	147	0	0	0	200	200
5:Full	48929	100	0	0	147	0	147	0	0	0	200	200
5:Full	49129	100	0	0	141	0	141	0	0	0	200	200
5:Full	49329	100	0	0	141	0	141	0	0	0	200	200
5:Full	49529	100	0	0	141	0	141	0	0	0	200	200
5:Full	49729	100	0	0	141	0	141	0	0	0	200	200
5:Full	49929	100	0	0	141	0	141	0	0	0	200	200
5:Full	50129	100	0	0	154	0	154	0	0	0	200	200
5:Full	50329	100	0	0	154	0	154	0	0	0	200	200
5:Full	50529	100	0	0	154	0	154	0	0	0	200	200
5:Full	50729	100	0	0	154	0	154	0	0	0	200	200
5:Full	50929	100	0	0	154	0	154	0	0	0	200	200
5:Full	51129	100	0	0	152	0	152	0	0	0	200	200
5:Full	51329	100	0	0	152	0	152	0	0	0	200	200
5:Full	51529	100	0	0	152	0	152	0	0	0	200	200
5:Full	51729	100	0	0	152	0	152	0	0	0	200	200
5:Full	51929	100	0	0	152	0	152	0	0	0	200	200
5:Full	52160	0	0	0	149	0	149	0	0	0	97	103
5:Full	52361	0	0	0	149	0	149	0	0	0	97	103
5:Full	52561	0	0	0	149	0	149	0	0	0	95	105
5:Full	52762	0	0	0	149	0	149	0	0	0	95	105
5:Full	52963	0	0	0	149	0	149	0	0	0	95	105
5:Full	53165	0	0	0	157	0	157	0	0	0	95	105
5:Full	53365	0	0	0	157	0	157	0	0	0	95	105
5:Full	53566	0	0	0	157	0	157	0	0	0	111	89
5:Full	53767	0	0	0	157	0	157	0	0	0	111	89
5:Full	53970	0	0	0	157	0	157	0	0	0	111	89
5:Full	54171	0	0	0	160	0	160	0	0	0	111	89
5:Full	54372	0	0	0	160	0	160	0	0	0	111	89
5:Full	54572	0	0	0	160	0	160	0	0	0	104	96
5:Full	54772	0	0	0	160	0	160	0	0	0	104	96
5:Full	54973	0	0	0	160	0	160	0	0	0	104	96
5:Full	55175	0	0	0	156	0	156	0	0	0	104	96
5:Full	55375	0	0	0	156	0	156	0	0	0	104	96
5:Full	55576	0	0	0	156	0	156	0	0	0	94	106
5:Full	55776	0	0	0	156	0	156	0	0	0	94	106
5:Full	55976	0	0	0	156	0	156	0	0	0	94	106
5:Full	56178	0	0	0	159	0	159	0	0	0	94	106
5:Full	56379	0	0	0	159	0	159	0	0	0	94	106
5:Full	56580	0	0	0	159	0	159	0	0	0	104	96
5:Full	56780	0	0	0	159	0	159	0	0	0	104	96
5:Full	56980	0	0	0	159	0	159	0	0	0	104	96
