Thu Jul 16 22:55:57 2015
It's time to go fishing with the Dailys!!
Setting up CAN0...
CAN0 init ok!!
#:Mode	Millis	Speed	Lat	Long	Head	Final	Goal	Diff	Sum	Drift	Left	Right
1:Man. 	11594	0	0	0	0	0	0	0	0	0	100	100
1:Man. 	11794	0	0	0	0	0	0	0	0	0	100	100
1:Man. 	11996	0	0	0	0	0	0	0	0	0	100	100
1:Man. 	12198	0	0	0	0	0	0	0	0	0	100	100
1:Man. 	12401	0	0	0	0	0	0	0	0	0	100	100
1:Man. 	12616	0	0	0	0	0	0	0	0	0	100	100
1:Man. 	12819	0	0	0	0	0	0	0	0	0	100	100
1:Man. 	13022	0	0	0	0	0	0	0	0	0	100	100
1:Man. 	13224	0	0	0	0	0	0	0	0	0	100	100
1:Man. 	13426	0	0	0	0	0	0	0	0	0	100	100
1:Man. 	13629	0	0	0	0	0	0	0	0	0	100	100
1:Man. 	13832	0	0	0	0	0	0	0	0	0	100	100
1:Man. 	14032	0	0	0	0	0	0	0	0	0	100	100
1:Man. 	14232	0	0	0	0	0	1	0	0	0	100	100
1:Man. 	14432	0	0	0	0	0	4	4	4	0	155	145
1:Man. 	14633	0	0	0	0	0	7	7	7	0	108	92
1:Man. 	14835	0	0	0	0	0	7	7	28	0	111	89
1:Man. 	15035	0	0	0	0	0	7	7	56	0	115	85
1:Man. 	15235	0	0	0	0	0	7	7	84	1	119	81
1:Man. 	15436	0	0	0	0	0	7	7	112	1	123	77
1:Man. 	15636	0	0	0	0	0	8	7	133	2	126	74
1:Man. 	15836	0	0	0	0	0	11	10	10	0	163	137
1:Man. 	16036	0	0	0	0	0	14	14	14	0	168	132
1:Man. 	16236	0	0	0	0	0	17	17	17	0	173	127
1:Man. 	16436	0	0	0	0	0	20	20	20	0	177	123
1:Man. 	16636	0	0	0	0	0	24	23	23	0	181	119
1:Man. 	16836	0	0	0	0	0	27	26	26	0	185	115
1:Man. 	17036	0	0	0	0	0	30	30	30	0	191	109
1:Man. 	17239	0	0	0	0	0	31	31	93	1	151	49
1:Man. 	17440	0	0	0	0	0	31	31	186	2	164	36
1:Man. 	17640	0	0	0	0	0	31	31	310	4	181	19
1:Man. 	17840	0	0	0	0	0	31	31	434	6	199	1
1:Man. 	18041	0	0	0	0	0	31	31	465	7	200	0
1:Man. 	18242	0	0	0	0	0	31	31	465	7	200	0
1:Man. 	18443	0	0	0	0	0	31	31	465	7	200	0
1:Man. 	18643	0	0	0	0	0	31	31	465	7	200	0
1:Man. 	18845	0	0	0	0	0	31	31	465	7	200	0
1:Man. 	19046	0	0	0	0	0	31	31	465	7	200	0
1:Man. 	19246	0	0	0	0	0	28	28	28	0	88	12
1:Man. 	19446	0	0	0	0	0	24	25	25	0	84	16
1:Man. 	19646	0	0	0	0	0	21	22	22	0	80	20
1:Man. 	19846	0	0	0	0	0	18	18	18	0	74	26
1:Man. 	20047	0	0	0	0	0	16	16	16	0	122	78
1:Man. 	20247	0	0	0	0	0	16	16	64	1	129	71
1:Man. 	20449	0	0	0	0	0	16	16	128	2	138	62
1:Man. 	20649	0	0	0	0	0	15	15	15	0	70	30
1:Man. 	20851	0	0	0	0	0	13	13	13	0	117	83
1:Man. 	21051	0	0	0	0	0	13	13	65	1	125	75
1:Man. 	21251	0	0	0	0	0	11	11	11	0	64	36
1:Man. 	21453	0	0	0	0	0	11	11	44	0	119	81
1:Man. 	21655	0	0	0	0	0	11	11	77	1	123	77
1:Man. 	21855	0	0	0	0	0	11	11	121	1	130	70
1:Man. 	22057	0	0	0	0	0	10	10	10	0	113	87
1:Man. 	22260	0	0	0	0	0	10	10	50	0	119	81
1:Man. 	22472	0	0	0	0	0	10	10	80	1	123	77
1:Man. 	22675	0	0	0	0	0	8	8	8	0	61	39
1:Man. 	22877	0	0	0	0	0	8	8	32	0	114	86
1:Man. 	23079	0	0	0	0	0	8	8	64	1	119	81
1:Man. 	23282	0	0	0	0	0	8	8	96	1	123	77
1:Man. 	23482	0	0	0	0	0	6	7	7	0	58	42
1:Man. 	23682	0	0	0	0	0	5	5	15	0	108	92
1:Man. 	23883	0	0	0	0	0	5	5	35	0	110	90
1:Man. 	24083	0	0	0	0	0	4	5	50	0	113	87
1:Man. 	24284	0	0	0	0	0	3	3	6	0	103	97
1:Man. 	24486	0	0	0	0	0	3	3	18	0	105	95
1:Man. 	24686	0	0	0	0	0	1	1	1	0	51	49
1:Man. 	24886	0	0	0	0	0	358	-1	-1	-1	47	53
1:Man. 	25088	0	0	0	0	0	357	-3	-6	-1	95	105
1:Man. 	25289	0	0	0	0	0	357	-3	-18	-1	93	107
1:Man. 	25489	0	0	0	0	0	357	-3	-27	-1	92	108
1:Man. 	25689	0	0	0	0	0	354	-6	-6	-1	41	59
1:Man. 	25889	0	0	0	0	0	350	-9	-9	-1	36	64
1:Man. 	26089	0	0	0	0	0	347	-13	-13	-1	31	69
1:Man. 	26289	0	0	0	0	0	344	-16	-16	-1	27	73
1:Man. 	26489	0	0	0	0	0	341	-19	-19	-1	23	77
1:Man. 	26689	0	0	0	0	0	338	-22	-22	-1	18	82
1:Man. 	26889	0	0	0	0	0	335	-25	-25	-1	14	86
1:Man. 	27089	0	0	0	0	0	331	-29	-29	-1	8	92
1:Man. 	27289	0	0	0	0	0	328	-32	-32	-1	5	95
1:Man. 	27489	0	0	0	0	0	325	-35	-35	-1	1	99
1:Man. 	27689	0	0	0	0	0	322	-38	-38	-1	0	104
1:Man. 	27889	0	0	0	0	0	319	-41	-41	-1	0	108
1:Man. 	28089	0	0	0	0	0	315	-44	-44	-1	0	112
1:Man. 	28289	0	0	0	0	0	312	-48	-48	-1	0	117
1:Man. 	28489	0	0	0	0	0	309	-51	-51	-1	0	122
1:Man. 	28689	0	0	0	0	0	306	-54	-54	-1	0	126
1:Man. 	28891	0	0	0	0	0	303	-57	-57	-1	0	131
1:Man. 	29094	0	0	0	0	0	303	-57	-228	-4	0	200
1:Man. 	29294	0	0	0	0	0	303	-57	-228	-4	0	200
1:Man. 	29496	0	0	0	0	0	303	-57	-228	-4	0	200
1:Man. 	29698	0	0	0	0	0	303	-57	-228	-4	0	200
1:Man. 	29901	0	0	0	0	0	303	-57	-228	-4	0	200
1:Man. 	30101	-1	0	0	0	0	303	-57	-228	-4	0	200
1:Man. 	30301	-5	0	0	0	0	303	-57	-228	-4	0	200
1:Man. 	30501	-9	0	0	0	0	303	-57	-285	-5	0	200
1:Man. 	30701	-12	0	0	0	0	303	-57	-285	-5	0	200
1:Man. 	30901	-16	0	0	0	0	303	-57	-342	-6	0	200
1:Man. 	31101	-20	0	0	0	0	303	-57	-342	-6	0	200
1:Man. 	31301	-24	0	0	0	0	303	-57	-399	-7	0	200
1:Man. 	31501	-28	0	0	0	0	303	-57	-399	-7	0	200
1:Man. 	31702	-32	0	0	0	0	303	-57	-456	-8	0	200
1:Man. 	31902	-36	0	0	0	0	303	-57	-456	-8	0	200
1:Man. 	32102	-40	0	0	0	0	303	-57	-513	-9	0	200
1:Man. 	32302	-44	0	0	0	0	303	-57	-513	-9	0	200
1:Man. 	32502	-47	0	0	0	0	303	-57	-513	-9	0	198
1:Man. 	32702	-51	0	0	0	0	303	-57	-570	-9	0	200
1:Man. 	32903	-51	0	0	0	0	303	-57	-570	-9	0	200
1:Man. 	33104	-51	0	0	0	0	303	-57	-570	-9	0	200
1:Man. 	33305	-51	0	0	0	0	303	-57	-570	-9	0	200
1:Man. 	33507	-51	0	0	0	0	303	-57	-570	-9	0	200
1:Man. 	33708	-51	0	0	0	0	303	-57	-570	-9	0	200
1:Man. 	33908	-51	0	0	0	0	303	-57	-570	-9	0	200
1:Man. 	34110	-51	0	0	0	0	303	-57	-570	-9	0	200
1:Man. 	34312	-51	0	0	0	0	303	-57	-570	-9	0	200
1:Man. 	34515	-51	0	0	0	0	303	-57	-570	-9	0	200
1:Man. 	34716	-51	0	0	0	0	303	-57	-570	-9	0	200
1:Man. 	34918	-51	0	0	0	0	303	-57	-570	-9	0	200
1:Man. 	35120	-51	0	0	0	0	303	-57	-570	-9	0	200
1:Man. 	35320	-51	0	0	0	0	303	-57	-570	-9	0	200
1:Man. 	35521	-51	0	0	0	0	303	-57	-570	-9	0	200
1:Man. 	35723	-51	0	0	0	0	303	-57	-570	-9	0	200
1:Man. 	35923	-51	0	0	0	0	303	-57	-570	-9	0	200
1:Man. 	36124	-51	0	0	0	0	303	-57	-570	-9	0	200
1:Man. 	36326	-51	0	0	0	0	303	-57	-570	-9	0	200
1:Man. 	36537	-51	0	0	0	0	303	-57	-570	-9	0	200
1:Man. 	36738	-51	0	0	0	0	303	-57	-570	-9	0	200
1:Man. 	36939	-51	0	0	0	0	303	-57	-570	-9	0	200
1:Man. 	37141	-51	0	0	0	0	303	-57	-570	-9	0	200
1:Man. 	37342	-51	0	0	0	0	303	-57	-570	-9	0	200
1:Man. 	37542	-51	0	0	0	0	303	-57	-570	-9	0	200
1:Man. 	37744	-51	0	0	0	0	303	-57	-570	-9	0	200
1:Man. 	37945	-51	0	0	0	0	303	-57	-570	-9	0	200
1:Man. 	38147	-51	0	0	0	0	303	-57	-570	-9	0	200
1:Man. 	38347	-51	0	0	0	0	303	-57	-570	-9	0	200
1:Man. 	38549	-51	0	0	0	0	303	-57	-570	-9	0	200
1:Man. 	38750	-51	0	0	0	0	303	-57	-570	-9	0	200
1:Man. 	38950	-51	0	0	0	0	303	-57	-570	-9	0	200
1:Man. 	39152	-51	0	0	0	0	303	-57	-570	-9	0	200
1:Man. 	39352	-50	0	0	0	0	303	-57	-570	-9	0	200
1:Man. 	39553	-48	0	0	0	0	303	-57	-570	-9	0	200
1:Man. 	39754	-48	0	0	0	0	303	-57	-570	-9	0	200
1:Man. 	39955	-48	0	0	0	0	303	-57	-570	-9	0	200
1:Man. 	40156	-48	0	0	0	0	303	-57	-570	-9	0	200
1:Man. 	40357	-48	0	0	0	0	303	-57	-570	-9	0	200
1:Man. 	40559	-48	0	0	0	0	303	-57	-570	-9	0	200
1:Man. 	40760	-48	0	0	0	0	303	-57	-570	-9	0	200
1:Man. 	40960	-44	0	0	0	0	303	-57	-570	-9	0	200
1:Man. 	41160	-40	0	0	0	0	303	-57	-570	-9	0	200
1:Man. 	41361	-40	0	0	0	0	303	-57	-570	-9	0	200
1:Man. 	41562	-40	0	0	0	0	303	-57	-570	-9	0	200
1:Man. 	41763	-40	0	0	0	0	303	-57	-570	-9	0	200
1:Man. 	41964	-40	0	0	0	0	303	-57	-570	-9	0	200
1:Man. 	42165	-40	0	0	0	0	303	-57	-570	-9	0	200
1:Man. 	42366	-40	0	0	0	0	303	-57	-570	-9	0	200
1:Man. 	42568	-40	0	0	0	0	303	-57	-570	-9	0	200
1:Man. 	42769	-40	0	0	0	0	303	-57	-570	-9	0	200
1:Man. 	42970	-40	0	0	0	0	303	-57	-570	-9	0	200
1:Man. 	43171	-40	0	0	0	0	303	-57	-570	-9	0	200
1:Man. 	43372	-40	0	0	0	0	303	-57	-570	-9	0	200
1:Man. 	43574	-40	0	0	0	0	303	-57	-570	-9	0	200
1:Man. 	43774	-40	0	0	0	0	303	-57	-570	-9	0	200
1:Man. 	43975	-40	0	0	0	0	303	-57	-570	-9	0	200
1:Man. 	44177	-40	0	0	0	0	303	-57	-570	-9	0	200
1:Man. 	44379	-40	0	0	0	0	303	-57	-570	-9	0	200
1:Man. 	44582	-40	0	0	0	0	303	-57	-570	-9	0	200
1:Man. 	44783	-40	0	0	0	0	303	-57	-570	-9	0	200
1:Man. 	44983	-39	0	0	0	0	303	-57	-570	-9	0	200
1:Man. 	45184	-35	0	0	0	0	303	-57	-570	-9	0	200
1:Man. 	45384	-31	0	0	0	0	303	-57	-570	-9	0	200
1:Man. 	45584	-27	0	0	0	0	303	-57	-570	-9	0	200
1:Man. 	45784	-23	0	0	0	0	303	-57	-570	-9	0	200
1:Man. 	45984	-19	0	0	0	0	303	-57	-570	-9	0	200
1:Man. 	46184	-15	0	0	0	0	303	-57	-570	-9	0	200
1:Man. 	46384	-11	0	0	0	0	303	-57	-570	-9	0	200
1:Man. 	46584	-8	0	0	0	0	303	-57	-570	-9	0	200
1:Man. 	46784	-4	0	0	0	0	303	-57	-570	-9	0	200
1:Man. 	46984	0	0	0	0	0	303	-57	-570	-9	0	200
1:Man. 	47184	4	0	0	0	0	303	-57	-570	-9	0	200
1:Man. 	47386	6	0	0	0	0	303	-57	-570	-9	0	200
1:Man. 	47588	6	0	0	0	0	303	-57	-570	-9	0	200
1:Man. 	47789	6	0	0	0	0	303	-57	-570	-9	0	200
1:Man. 	47989	6	0	0	0	0	303	-57	-570	-9	0	200
1:Man. 	48191	6	0	0	0	0	303	-57	-570	-9	0	200
1:Man. 	48392	6	0	0	0	0	303	-57	-570	-9	0	200
1:Man. 	48592	6	0	0	0	0	303	-57	-570	-9	0	200
1:Man. 	48794	6	0	0	0	0	303	-57	-570	-9	0	200
1:Man. 	48995	6	0	0	0	0	303	-57	-570	-9	0	200
1:Man. 	49197	6	0	0	0	0	303	-57	-570	-9	0	200
1:Man. 	49397	6	0	0	0	0	303	-57	-570	-9	0	200
1:Man. 	49598	6	0	0	0	0	303	-57	-570	-9	0	200
1:Man. 	49800	6	0	0	0	0	303	-57	-570	-9	0	200
1:Man. 	50000	6	0	0	0	0	303	-57	-570	-9	0	200
1:Man. 	50201	6	0	0	0	0	303	-57	-570	-9	0	200
1:Man. 	50403	6	0	0	0	0	303	-57	-570	-9	0	200
1:Man. 	50617	6	0	0	0	0	303	-57	-570	-9	0	200
1:Man. 	50818	6	0	0	0	0	303	-57	-570	-9	0	200
1:Man. 	51019	6	0	0	0	0	303	-57	-570	-9	0	200
1:Man. 	51220	6	0	0	0	0	303	-57	-570	-9	0	200
1:Man. 	51421	6	0	0	0	0	303	-57	-570	-9	0	200
1:Man. 	51622	6	0	0	0	0	303	-57	-570	-9	0	200
1:Man. 	51823	6	0	0	0	0	303	-57	-570	-9	0	200
1:Man. 	52024	6	0	0	0	0	303	-57	-570	-9	0	200
1:Man. 	52226	6	0	0	0	0	303	-57	-570	-9	0	200
1:Man. 	52426	6	0	0	0	0	302	-58	-570	-9	0	200
1:Man. 	52628	6	0	0	0	0	300	-60	-570	-9	0	200
1:Man. 	52829	6	0	0	0	0	300	-60	-570	-9	0	200
1:Man. 	53029	6	0	0	0	0	300	-60	-570	-9	0	200
1:Man. 	53231	6	0	0	0	0	300	-60	-570	-9	0	200
1:Man. 	53432	6	0	0	0	0	300	-60	-570	-9	0	200
1:Man. 	53633	6	0	0	0	0	300	-60	-570	-9	0	200
1:Man. 	53834	6	0	0	0	0	300	-60	-570	-9	0	200
1:Man. 	54042	6	0	0	0	0	300	-60	-570	-9	0	200
1:Man. 	54243	6	0	0	0	0	300	-60	-570	-9	0	200
1:Man. 	54444	6	0	0	0	0	300	-60	-570	-9	0	200
1:Man. 	54645	6	0	0	0	0	300	-60	-570	-9	0	200
1:Man. 	54846	6	0	0	0	0	300	-60	-570	-9	0	200
1:Man. 	55047	6	0	0	0	0	300	-60	-570	-9	0	200
1:Man. 	55248	6	0	0	0	0	300	-60	-570	-9	0	200
1:Man. 	55449	6	0	0	0	0	300	-60	-570	-9	0	200
1:Man. 	55650	6	0	0	0	0	300	-60	-570	-9	0	200
1:Man. 	55852	6	0	0	0	0	300	-60	-570	-9	0	200
1:Man. 	56052	6	0	0	0	0	300	-60	-570	-9	0	200
1:Man. 	56253	6	0	0	0	0	300	-60	-570	-9	0	200
1:Man. 	56455	6	0	0	0	0	300	-60	-570	-9	0	200
1:Man. 	56655	6	0	0	0	0	300	-60	-570	-9	0	200
1:Man. 	56856	6	0	0	0	0	300	-60	-570	-9	0	200
1:Man. 	57058	6	0	0	0	0	300	-60	-570	-9	0	200
1:Man. 	57259	6	0	0	0	0	300	-60	-570	-9	0	200
1:Man. 	57459	6	0	0	0	0	300	-60	-570	-9	0	200
1:Man. 	57661	6	0	0	0	0	300	-60	-570	-9	0	200
1:Man. 	57862	6	0	0	0	0	300	-60	-570	-9	0	200
1:Man. 	58063	6	0	0	0	0	300	-60	-570	-9	0	200
1:Man. 	58263	6	0	0	0	0	301	-60	-570	-9	0	200
1:Man. 	58463	6	0	0	0	0	304	-56	-570	-9	5	200
1:Man. 	58665	6	0	0	0	0	305	-55	-570	-9	0	200
1:Man. 	58866	6	0	0	0	0	305	-55	-570	-9	0	200
1:Man. 	59067	6	0	0	0	0	305	-55	-570	-9	0	200
1:Man. 	59269	6	0	0	0	0	305	-55	-570	-9	0	200
1:Man. 	59469	6	0	0	0	0	305	-55	-570	-9	0	200
1:Man. 	59670	6	0	0	0	0	305	-55	-570	-9	0	200
1:Man. 	59872	6	0	0	0	0	305	-55	-570	-9	0	200
1:Man. 	60072	6	0	0	0	0	305	-55	-570	-9	0	200
1:Man. 	60273	6	0	0	0	0	305	-55	-570	-9	0	200
1:Man. 	60475	6	0	0	0	0	305	-55	-570	-9	0	200
1:Man. 	60676	6	0	0	0	0	305	-55	-570	-9	0	200
1:Man. 	60876	6	0	0	0	0	305	-55	-570	-9	0	200
1:Man. 	61078	6	0	0	0	0	305	-55	-570	-9	0	200
1:Man. 	61279	6	0	0	0	0	305	-55	-570	-9	0	200
1:Man. 	61479	2	0	0	0	0	305	-55	-570	-9	0	200
1:Man. 	61679	-2	0	0	0	0	305	-55	-570	-9	0	200
1:Man. 	61879	-6	0	0	0	0	305	-55	-570	-9	0	200
1:Man. 	62084	-9	0	0	0	0	305	-55	-570	-9	0	200
1:Man. 	62284	-13	0	0	0	0	305	-55	-570	-9	0	200
1:Man. 	62484	-17	0	0	0	0	305	-55	-570	-9	0	200
1:Man. 	62684	-21	0	0	0	0	305	-55	-570	-9	0	200
1:Man. 	62884	-25	0	0	0	0	305	-55	-570	-9	0	200
1:Man. 	63084	-28	0	0	0	0	305	-55	-570	-9	0	200
1:Man. 	63284	-32	0	0	0	0	305	-55	-570	-9	0	200
1:Man. 	63484	-36	0	0	0	0	305	-55	-570	-9	0	200
1:Man. 	63684	-40	0	0	0	0	305	-55	-570	-9	0	200
1:Man. 	63884	-43	0	0	0	0	305	-55	-570	-9	0	200
1:Man. 	64084	-47	0	0	0	0	305	-55	-570	-9	0	200
1:Man. 	64285	-47	0	0	0	0	305	-55	-570	-9	0	200
1:Man. 	64486	-47	0	0	0	0	305	-55	-570	-9	0	200
1:Man. 	64688	-47	0	0	0	0	305	-55	-570	-9	0	200
1:Man. 	64888	-47	0	0	0	0	305	-55	-570	-9	0	200
1:Man. 	65089	-47	0	0	0	0	305	-55	-570	-9	0	200
1:Man. 	65289	-47	0	0	0	0	303	-57	-57	-1	0	84
1:Man. 	65489	-47	0	0	0	0	300	-60	-60	-1	0	87
1:Man. 	65689	-47	0	0	0	0	296	-64	-64	-1	0	92
1:Man. 	65889	-47	0	0	0	0	293	-66	-66	-2	0	96
1:Man. 	66091	-47	0	0	0	0	292	-68	-204	-4	0	167
1:Man. 	66293	-47	0	0	0	0	292	-68	-408	-7	0	196
1:Man. 	66495	-47	0	0	0	0	292	-68	-476	-8	0	200
1:Man. 	66696	-47	0	0	0	0	292	-68	-476	-8	0	200
1:Man. 	66896	-47	0	0	0	0	292	-68	-476	-8	0	200
1:Man. 	67098	-47	0	0	0	0	292	-68	-476	-8	0	200
1:Man. 	67300	-47	0	0	0	0	292	-68	-476	-8	0	200
1:Man. 	67501	-47	0	0	0	0	292	-68	-476	-8	0	200
1:Man. 	67701	-47	0	0	0	0	292	-68	-476	-8	0	200
1:Man. 	67903	-47	0	0	0	0	292	-68	-476	-8	0	200
1:Man. 	68105	-47	0	0	0	0	292	-68	-476	-8	0	200
1:Man. 	68308	-47	0	0	0	0	292	-68	-476	-8	0	200
1:Man. 	68509	-47	0	0	0	0	292	-68	-476	-8	0	200
1:Man. 	68711	-47	0	0	0	0	292	-68	-476	-8	0	200
1:Man. 	68912	-47	0	0	0	0	292	-68	-476	-8	0	200
1:Man. 	69113	-47	0	0	0	0	292	-68	-476	-8	0	200
1:Man. 	69314	-47	0	0	0	0	292	-68	-476	-8	0	200
1:Man. 	69515	-47	0	0	0	0	292	-68	-476	-8	0	200
1:Man. 	69716	-47	0	0	0	0	292	-68	-476	-8	0	200
1:Man. 	69918	-47	0	0	0	0	292	-68	-476	-8	0	200
1:Man. 	70119	-47	0	0	0	0	292	-68	-476	-8	0	200
1:Man. 	70320	-47	0	0	0	0	292	-68	-476	-8	0	200
1:Man. 	70521	-47	0	0	0	0	292	-68	-476	-8	0	200
1:Man. 	70722	-47	0	0	0	0	292	-68	-476	-8	0	200
1:Man. 	70923	-47	0	0	0	0	292	-68	-476	-8	0	200
1:Man. 	71124	-47	0	0	0	0	292	-68	-476	-8	0	200
1:Man. 	71326	-47	0	0	0	0	292	-68	-476	-8	0	200
1:Man. 	71536	-47	0	0	0	0	295	-66	-476	-8	0	200
1:Man. 	71736	-47	0	0	0	0	298	-62	-476	-8	0	200
1:Man. 	71936	-47	0	0	0	0	301	-59	-476	-8	0	200
1:Man. 	72136	-47	0	0	0	0	304	-56	-476	-8	0	200
1:Man. 	72336	-47	0	0	0	0	308	-52	-476	-8	0	200
1:Man. 	72538	-47	0	0	0	0	310	-50	-476	-8	0	200
1:Man. 	72740	-47	0	0	0	0	310	-50	-150	-3	0	138
1:Man. 	72940	-47	0	0	0	0	310	-50	-350	-6	0	166
1:Man. 	73140	-47	0	0	0	0	310	-50	-500	-8	0	187
1:Man. 	73341	-47	0	0	0	0	310	-50	-600	-10	0	200
1:Man. 	73543	-47	0	0	0	0	310	-50	-600	-10	0	200
1:Man. 	73744	-47	0	0	0	0	310	-50	-600	-10	0	200
1:Man. 	73945	-47	0	0	0	0	310	-50	-600	-10	0	200
1:Man. 	74146	-47	0	0	0	0	310	-50	-600	-10	0	200
1:Man. 	74347	-47	0	0	0	0	310	-50	-600	-10	0	200
1:Man. 	74549	-47	0	0	0	0	310	-50	-600	-10	0	200
1:Man. 	74750	-47	0	0	0	0	310	-50	-600	-10	0	200
1:Man. 	74951	-47	0	0	0	0	310	-50	-600	-10	0	200
1:Man. 	75151	-47	0	0	0	0	312	-48	-600	-10	0	200
1:Man. 	75351	-47	0	0	0	0	315	-45	-600	-10	0	200
1:Man. 	75551	-47	0	0	0	0	318	-42	-600	-10	0	200
1:Man. 	75751	-47	0	0	0	0	322	-39	-600	-10	0	200
1:Man. 	75951	-47	0	0	0	0	325	-35	-600	-10	0	200
1:Man. 	76151	-47	0	0	0	0	328	-32	-600	-10	0	200
1:Man. 	76351	-47	0	0	0	0	331	-29	-600	-10	0	200
1:Man. 	76551	-47	0	0	0	0	335	-26	-600	-10	0	200
1:Man. 	76751	-47	0	0	0	0	338	-23	-600	-10	0	200
1:Man. 	76951	-47	0	0	0	0	341	-19	-600	-10	0	200
1:Man. 	77151	-47	0	0	0	0	344	-16	-600	-10	0	200
1:Man. 	77351	-47	0	0	0	0	347	-13	-600	-10	1	200
1:Man. 	77551	-47	0	0	0	0	350	-10	-600	-10	5	200
1:Man. 	77751	-47	0	0	0	0	354	-7	-7	-1	93	113
1:Man. 	77952	-47	0	0	0	0	357	-4	-4	-1	97	109
1:Man. 	78154	-47	0	0	0	0	357	-3	-9	-1	47	59
1:Man. 	78356	-47	0	0	0	0	357	-3	-18	-1	46	60
1:Man. 	78556	-47	0	0	0	0	357	-3	-30	-1	44	62
1:Man. 	78758	-47	0	0	0	0	357	-3	-42	-1	43	63
1:Man. 	78960	-47	0	0	0	0	357	-3	-51	-1	41	65
1:Man. 	79160	-47	0	0	0	0	357	-3	-63	-1	40	66
1:Man. 	79361	-47	0	0	0	0	357	-3	-75	-2	38	68
1:Man. 	79562	-47	0	0	0	0	357	-3	-84	-2	37	69
1:Man. 	79762	-47	0	0	0	0	357	-3	-96	-2	35	71
1:Man. 	79962	-47	0	0	0	0	357	-3	-108	-2	33	73
1:Man. 	80177	-47	0	0	0	0	357	-3	-117	-2	32	74
1:Man. 	80379	-47	0	0	0	0	357	-3	-129	-3	30	76
1:Man. 	80579	-47	0	0	0	0	357	-3	-141	-3	29	77
1:Man. 	80779	-47	0	0	0	0	357	-3	-150	-3	27	79
1:Man. 	80980	-47	0	0	0	0	357	-3	-162	-3	26	80
1:Man. 	81180	-47	0	0	0	0	357	-3	-174	-3	24	82
1:Man. 	81381	-47	0	0	0	0	357	-3	-186	-3	22	84
1:Man. 	81583	-47	0	0	0	0	357	-3	-195	-4	21	85
1:Man. 	81785	-47	0	0	0	0	357	-3	-207	-4	19	87
1:Man. 	81986	0	0	0	0	0	0	0	0	0	100	100
1:Man. 	82186	0	0	0	0	0	0	0	0	0	100	100
1:Man. 	82387	0	0	0	0	0	0	0	0	0	100	100
1:Man. 	82587	0	0	0	0	0	0	0	0	0	100	100
1:Man. 	82787	0	0	0	0	0	0	0	0	0	100	100
1:Man. 	82989	0	0	0	0	0	0	0	0	0	100	100
1:Man. 	83191	0	0	0	0	0	0	0	0	0	100	100
1:Man. 	83394	0	0	0	0	0	0	0	0	0	100	100
1:Man. 	83596	0	0	0	0	0	0	0	0	0	100	100
1:Man. 	83799	0	0	0	0	0	0	0	0	0	100	100
1:Man. 	84001	0	0	0	0	0	0	0	0	0	100	100
1:Man. 	84204	0	0	0	0	0	0	0	0	0	100	100
1:Man. 	84406	0	0	0	0	0	0	0	0	0	100	100
1:Man. 	84609	0	0	0	0	0	0	0	0	0	100	100
1:Man. 	84811	0	0	0	0	0	0	0	0	0	100	100
1:Man. 	85013	0	0	0	0	0	0	0	0	0	100	100
1:Man. 	85216	0	0	0	0	0	0	0	0	0	100	100
1:Man. 	85417	0	0	0	0	0	0	0	0	0	100	100
1:Man. 	85627	0	0	0	0	0	0	0	0	0	100	100
1:Man. 	85829	0	0	0	0	0	0	0	0	0	100	100
1:Man. 	86029	0	0	0	0	0	0	0	0	0	100	100
1:Man. 	86232	0	0	0	0	0	0	0	0	0	100	100
1:Man. 	86433	0	0	0	0	0	0	0	0	0	100	100
1:Man. 	86634	0	0	0	0	0	0	0	0	0	100	100
1:Man. 	86834	0	0	0	0	0	0	0	0	0	100	100
1:Man. 	87035	0	0	0	0	0	0	0	0	0	100	100
1:Man. 	87235	0	0	0	0	0	0	0	0	0	100	100
1:Man. 	87435	0	0	0	0	0	0	0	0	0	100	100
1:Man. 	87638	0	0	0	0	0	0	0	0	0	100	100
1:Man. 	87840	0	0	0	0	0	0	0	0	0	100	100
2:Turn 	88042	0	0	0	0	0	0	0	0	0	100	100
2:Turn 	88243	0	0	0	0	0	0	0	0	0	100	100
2:Turn 	88444	0	0	0	0	0	0	0	0	0	100	100
2:Turn 	88644	0	0	0	0	0	0	0	0	0	100	100
2:Turn 	88844	0	0	0	0	0	0	0	0	0	100	100
2:Turn 	89047	0	0	0	0	0	0	0	0	0	100	100
2:Turn 	89249	0	0	0	0	0	0	0	0	0	100	100
2:Turn 	89449	0	0	0	0	0	0	0	0	0	100	100
2:Turn 	89652	0	0	0	0	0	0	0	0	0	100	100
2:Turn 	89854	0	0	0	0	0	0	0	0	0	100	100
2:Turn 	90057	0	0	0	0	0	0	0	0	0	100	100
2:Turn 	90260	0	0	0	0	0	0	0	0	0	100	100
2:Turn 	90460	0	0	0	0	45	1	1	1	0	111	109
2:Turn 	90662	0	0	0	0	45	1	1	5	0	111	109
2:Turn 	90876	0	0	0	0	45	1	1	9	0	112	108
2:Turn 	91078	0	0	0	0	45	1	1	12	0	112	108
2:Turn 	91278	0	0	0	0	45	1	1	16	0	113	107
2:Turn 	91478	0	0	0	0	45	1	1	20	0	113	107
2:Turn 	91681	0	0	0	0	45	2	2	25	0	115	105
2:Turn 	91883	0	0	0	0	45	2	2	31	0	116	104
2:Turn 	92084	0	0	0	0	45	2	2	39	0	117	103
2:Turn 	92286	0	0	0	0	45	2	2	47	0	118	102
2:Turn 	92489	0	0	0	0	45	2	2	53	0	119	101
2:Turn 	92689	0	0	0	0	45	2	2	61	0	120	100
2:Turn 	92891	0	0	0	0	45	3	3	68	1	122	98
2:Turn 	93094	0	0	0	0	45	3	3	80	1	124	96
2:Turn 	93297	0	0	0	0	45	3	3	92	1	125	95
2:Turn 	93500	0	0	0	0	45	3	3	101	1	127	93
2:Turn 	93700	0	0	0	0	45	3	3	113	1	128	92
2:Turn 	93901	0	0	0	0	45	3	3	122	1	130	90
2:Turn 	94101	0	0	0	0	45	4	4	135	2	133	87
2:Turn 	94301	0	0	0	0	45	4	4	147	2	135	85
2:Turn 	94503	0	0	0	0	45	4	4	163	2	137	83
2:Turn 	94703	0	0	0	0	45	4	4	179	2	140	80
2:Turn 	94903	0	0	0	0	45	4	4	191	2	141	79
2:Turn 	95106	0	0	0	0	45	4	4	207	3	144	76
2:Turn 	95308	0	0	0	0	45	5	5	225	3	147	73
2:Turn 	95508	0	0	0	0	45	5	5	240	3	149	71
2:Turn 	95708	0	0	0	0	45	5	5	260	4	152	68
2:Turn 	95910	0	0	0	0	45	5	5	280	4	155	65
2:Turn 	96110	0	0	0	0	45	5	5	295	4	157	63
2:Turn 	96310	0	0	0	0	45	5	5	315	4	160	60
2:Turn 	96513	0	0	0	0	45	6	6	337	5	164	56
2:Turn 	96715	0	0	0	0	45	6	6	355	5	166	54
2:Turn 	96915	0	0	0	0	45	6	6	379	5	170	50
2:Turn 	97115	0	0	0	0	45	6	6	397	6	172	48
2:Turn 	97317	0	0	0	0	45	6	6	421	6	176	44
2:Turn 	97517	0	0	0	0	45	6	6	445	6	179	41
2:Turn 	97717	0	0	0	0	45	7	7	464	7	183	37
2:Turn 	97920	0	0	0	0	45	7	7	492	7	187	33
2:Turn 	98122	0	0	0	0	45	7	7	520	8	191	29
2:Turn 	98322	0	0	0	0	45	7	7	541	8	194	26
2:Turn 	98522	0	0	0	0	45	7	7	569	8	198	22
2:Turn 	98724	0	0	0	0	45	7	7	590	9	200	20
2:Turn 	98925	0	0	0	0	45	8	8	590	9	200	18
2:Turn 	99127	0	0	0	0	45	8	8	590	9	200	18
2:Turn 	99328	0	0	0	0	45	8	8	590	9	200	18
2:Turn 	99529	0	0	0	0	45	8	8	590	9	200	18
2:Turn 	99730	0	0	0	0	45	8	8	590	9	200	18
2:Turn 	99932	0	0	0	0	45	8	8	590	9	200	18
2:Turn 	100132	0	0	0	0	45	9	9	590	9	200	17
2:Turn 	100334	0	0	0	0	45	9	9	590	9	200	17
2:Turn 	100536	0	0	0	0	45	9	9	590	9	200	17
2:Turn 	100737	0	0	0	0	45	9	9	590	9	200	17
2:Turn 	100938	0	0	0	0	45	9	9	590	9	200	17
2:Turn 	101139	0	0	0	0	45	9	9	590	9	200	17
2:Turn 	101341	0	0	0	0	45	10	10	590	9	200	16
2:Turn 	101542	0	0	0	0	45	10	10	590	9	200	16
2:Turn 	101743	0	0	0	0	45	10	10	590	9	200	16
2:Turn 	101945	0	0	0	0	45	10	10	590	9	200	16
2:Turn 	102147	0	0	0	0	45	10	10	590	9	200	16
2:Turn 	102348	0	0	0	0	45	10	10	590	9	200	16
2:Turn 	102549	0	0	0	0	45	11	11	590	9	200	15
2:Turn 	102751	0	0	0	0	45	11	11	590	9	200	15
2:Turn 	102952	0	0	0	0	45	11	11	590	9	200	15
2:Turn 	103153	0	0	0	0	45	11	11	590	9	200	15
2:Turn 	103355	0	0	0	0	45	11	11	590	9	200	15
2:Turn 	103557	0	0	0	0	45	11	11	590	9	200	15
2:Turn 	103758	0	0	0	0	45	12	12	590	9	200	13
2:Turn 	103959	0	0	0	0	45	12	12	590	9	200	13
2:Turn 	104161	0	0	0	0	45	12	12	590	9	200	13
2:Turn 	104363	0	0	0	0	45	12	12	590	9	200	13
2:Turn 	104564	0	0	0	0	45	12	12	590	9	200	13
2:Turn 	104765	0	0	0	0	45	12	12	590	9	200	13
2:Turn 	104967	0	0	0	0	45	13	13	590	9	200	12
2:Turn 	105168	0	0	0	0	45	13	13	590	9	200	12
2:Turn 	105369	0	0	0	0	45	13	13	590	9	200	12
2:Turn 	105571	0	0	0	0	45	13	13	590	9	200	12
2:Turn 	105773	0	0	0	0	45	13	13	590	9	200	12
2:Turn 	105974	0	0	0	0	45	13	13	590	9	200	12
2:Turn 	106175	0	0	0	0	45	14	14	590	9	200	11
2:Turn 	106377	0	0	0	0	45	14	14	590	9	200	11
2:Turn 	106578	0	0	0	0	45	14	14	590	9	200	11
2:Turn 	106780	0	0	0	0	45	14	14	590	9	200	11
2:Turn 	106981	0	0	0	0	45	14	14	590	9	200	11
2:Turn 	107183	0	0	0	0	45	14	14	590	9	200	11
2:Turn 	107384	0	0	0	0	45	15	15	590	9	200	10
2:Turn 	107585	0	0	0	0	45	15	15	590	9	200	10
2:Turn 	107787	0	0	0	0	45	15	15	590	9	200	10
2:Turn 	107988	0	0	0	0	45	15	15	590	9	200	10
2:Turn 	108190	0	0	0	0	45	15	15	590	9	200	10
2:Turn 	108391	0	0	0	0	45	15	15	590	9	200	10
2:Turn 	108593	0	0	0	0	45	16	16	590	9	200	8
2:Turn 	108794	0	0	0	0	45	16	16	590	9	200	8
2:Turn 	108995	0	0	0	0	45	16	16	590	9	200	8
2:Turn 	109197	0	0	0	0	45	16	16	590	9	200	8
2:Turn 	109399	0	0	0	0	45	16	16	590	9	200	8
2:Turn 	109599	0	0	0	0	45	16	16	590	9	200	8
2:Turn 	109801	0	0	0	0	45	17	17	590	9	200	7
2:Turn 	110003	0	0	0	0	45	17	17	590	9	200	7
2:Turn 	110203	0	0	0	0	45	17	17	590	9	200	7
2:Turn 	110405	0	0	0	0	45	17	17	590	9	200	7
2:Turn 	110607	0	0	0	0	45	17	17	590	9	200	7
2:Turn 	110809	0	0	0	0	45	17	17	590	9	200	7
2:Turn 	111009	0	0	0	0	45	18	18	590	9	200	6
2:Turn 	111211	0	0	0	0	45	18	18	590	9	200	6
2:Turn 	111413	0	0	0	0	45	18	18	590	9	200	6
2:Turn 	111613	0	0	0	0	45	18	18	590	9	200	6
2:Turn 	111815	0	0	0	0	45	18	18	590	9	200	6
2:Turn 	112017	0	0	0	0	45	18	18	590	9	200	6
2:Turn 	112218	0	0	0	0	45	19	19	590	9	200	5
2:Turn 	112419	0	0	0	0	45	19	19	590	9	200	5
2:Turn 	112621	0	0	0	0	45	19	19	590	9	200	5
2:Turn 	112822	0	0	0	0	45	19	19	590	9	200	5
2:Turn 	113024	0	0	0	0	45	19	19	590	9	200	5
2:Turn 	113225	0	0	0	0	45	19	19	590	9	200	5
2:Turn 	113426	0	0	0	0	45	20	20	590	9	200	3
2:Turn 	113628	0	0	0	0	45	20	20	590	9	200	3
2:Turn 	113829	0	0	0	0	45	20	20	590	9	200	3
2:Turn 	114030	0	0	0	0	45	20	20	590	9	200	3
2:Turn 	114232	0	0	0	0	45	20	20	590	9	200	3
2:Turn 	114434	0	0	0	0	45	20	20	590	9	200	3
2:Turn 	114634	0	0	0	0	45	21	21	590	9	200	2
2:Turn 	114836	0	0	0	0	45	21	21	590	9	200	2
2:Turn 	115038	0	0	0	0	45	21	21	590	9	200	2
2:Turn 	115238	0	0	0	0	45	21	21	590	9	200	2
2:Turn 	115440	0	0	0	0	45	21	21	590	9	200	2
2:Turn 	115642	0	0	0	0	45	21	21	590	9	200	2
2:Turn 	115843	0	0	0	0	45	22	22	590	9	200	1
2:Turn 	116044	0	0	0	0	45	22	22	590	9	200	1
2:Turn 	116246	0	0	0	0	45	22	22	590	9	200	1
2:Turn 	116447	0	0	0	0	45	22	22	590	9	200	1
2:Turn 	116648	0	0	0	0	45	22	22	590	9	200	1
2:Turn 	116850	0	0	0	0	45	22	22	590	9	200	1
2:Turn 	117051	0	0	0	0	45	23	23	590	9	200	0
2:Turn 	117253	0	0	0	0	45	23	23	590	9	200	0
2:Turn 	117454	0	0	0	0	45	23	23	590	9	200	0
2:Turn 	117655	0	0	0	0	45	23	23	590	9	200	0
2:Turn 	117857	0	0	0	0	45	23	23	590	9	200	0
2:Turn 	118059	0	0	0	0	45	23	23	590	9	200	0
2:Turn 	118259	0	0	0	0	45	24	24	590	9	200	0
2:Turn 	118461	0	0	0	0	45	24	24	590	9	200	0
2:Turn 	118663	0	0	0	0	45	24	24	590	9	200	0
2:Turn 	118863	0	0	0	0	45	24	24	590	9	200	0
2:Turn 	119065	0	0	0	0	45	24	24	590	9	200	0
2:Turn 	119267	0	0	0	0	45	24	24	590	9	200	0
2:Turn 	119469	0	0	0	0	45	25	25	590	9	200	0
2:Turn 	119669	0	0	0	0	45	25	25	590	9	200	0
2:Turn 	119871	0	0	0	0	45	25	25	590	9	200	0
2:Turn 	120073	0	0	0	0	45	25	25	590	9	200	0
2:Turn 	120273	0	0	0	0	45	25	25	590	9	200	0
2:Turn 	120475	0	0	0	0	45	25	25	590	9	200	0
2:Turn 	120677	0	0	0	0	45	26	26	590	9	200	0
2:Turn 	120878	0	0	0	0	45	26	26	590	9	200	0
2:Turn 	121079	0	0	0	0	45	26	26	590	9	200	0
2:Turn 	121281	0	0	0	0	45	26	26	590	9	200	0
2:Turn 	121482	0	0	0	0	45	26	26	590	9	200	0
2:Turn 	121683	0	0	0	0	45	26	26	590	9	200	0
2:Turn 	121885	0	0	0	0	45	27	27	590	9	200	0
2:Turn 	122086	0	0	0	0	45	27	27	590	9	200	0
2:Turn 	122288	0	0	0	0	45	27	27	590	9	200	0
2:Turn 	122489	0	0	0	0	45	27	27	590	9	200	0
2:Turn 	122690	0	0	0	0	45	27	27	590	9	200	0
2:Turn 	122892	0	0	0	0	45	27	27	590	9	200	0
2:Turn 	123094	0	0	0	0	45	28	28	590	9	200	0
2:Turn 	123294	0	0	0	0	45	28	28	590	9	200	0
2:Turn 	123496	0	0	0	0	45	28	28	590	9	200	0
2:Turn 	123698	0	0	0	0	45	28	28	590	9	200	0
2:Turn 	123898	0	0	0	0	45	28	28	590	9	200	0
2:Turn 	124100	0	0	0	0	45	28	28	590	9	200	0
2:Turn 	124302	0	0	0	0	45	29	29	590	9	200	0
2:Turn 	124503	0	0	0	0	45	29	29	590	9	200	0
2:Turn 	124704	0	0	0	0	45	29	29	590	9	200	0
2:Turn 	124906	0	0	0	0	45	29	29	590	9	200	0
2:Turn 	125107	0	0	0	0	45	29	29	590	9	200	0
2:Turn 	125308	0	0	0	0	45	29	29	590	9	200	0
2:Turn 	125510	0	0	0	0	45	30	30	590	9	200	0
2:Turn 	125711	0	0	0	0	45	30	30	590	9	200	0
2:Turn 	125913	0	0	0	0	45	30	30	590	9	200	0
2:Turn 	126114	0	0	0	0	45	30	30	590	9	200	0
2:Turn 	126315	0	0	0	0	45	30	30	590	9	200	0
2:Turn 	126517	0	0	0	0	45	30	30	590	9	200	0
2:Turn 	126718	0	0	0	0	45	31	31	590	9	200	0
2:Turn 	126919	0	0	0	0	45	31	31	590	9	200	0
2:Turn 	127121	0	0	0	0	45	31	31	590	9	200	0
2:Turn 	127323	0	0	0	0	45	31	31	590	9	200	0
2:Turn 	127524	0	0	0	0	45	31	31	590	9	200	0
2:Turn 	127725	0	0	0	0	45	31	31	590	9	200	0
2:Turn 	127927	0	0	0	0	45	32	32	590	9	200	0
2:Turn 	128129	0	0	0	0	45	32	32	590	9	200	0
2:Turn 	128329	0	0	0	0	45	32	32	590	9	200	0
2:Turn 	128531	0	0	0	0	45	32	32	590	9	200	0
2:Turn 	128733	0	0	0	0	45	32	32	590	9	200	0
2:Turn 	128933	0	0	0	0	45	32	32	590	9	200	0
2:Turn 	129135	0	0	0	0	45	33	33	590	9	200	0
2:Turn 	129337	0	0	0	0	45	33	33	590	9	200	0
2:Turn 	129538	0	0	0	0	45	33	33	590	9	200	0
2:Turn 	129739	0	0	0	0	45	33	33	590	9	200	0
2:Turn 	129941	0	0	0	0	45	33	33	590	9	200	0
2:Turn 	130142	0	0	0	0	45	33	33	590	9	200	0
2:Turn 	130343	0	0	0	0	45	34	34	590	9	200	0
2:Turn 	130545	0	0	0	0	45	34	34	590	9	200	0
2:Turn 	130746	0	0	0	0	45	34	34	590	9	200	0
2:Turn 	130948	0	0	0	0	45	34	34	590	9	200	0
2:Turn 	131149	0	0	0	0	45	34	34	590	9	200	0
2:Turn 	131350	0	0	0	0	45	34	34	590	9	200	0
2:Turn 	131552	0	0	0	0	45	35	35	590	9	200	0
2:Turn 	131753	0	0	0	0	45	35	35	590	9	200	0
2:Turn 	131954	0	0	0	0	45	35	35	590	9	200	0
2:Turn 	132156	0	0	0	0	45	35	35	590	9	200	0
2:Turn 	132358	0	0	0	0	45	35	35	590	9	200	0
2:Turn 	132558	0	0	0	0	45	35	35	590	9	200	0
2:Turn 	132760	0	0	0	0	45	36	36	590	9	200	0
2:Turn 	132962	0	0	0	0	45	36	36	590	9	200	0
2:Turn 	133163	0	0	0	0	45	36	36	590	9	200	0
2:Turn 	133364	0	0	0	0	45	36	36	590	9	200	0
2:Turn 	133566	0	0	0	0	45	36	36	590	9	200	0
2:Turn 	133767	0	0	0	0	45	36	36	590	9	200	0
2:Turn 	133968	0	0	0	0	45	37	37	590	9	200	0
2:Turn 	134170	0	0	0	0	45	37	37	590	9	200	0
2:Turn 	134371	0	0	0	0	45	37	37	590	9	200	0
2:Turn 	134573	0	0	0	0	45	37	37	590	9	200	0
2:Turn 	134774	0	0	0	0	45	37	37	590	9	200	0
2:Turn 	134975	0	0	0	0	45	37	37	590	9	200	0
2:Turn 	135177	0	0	0	0	45	38	38	590	9	200	0
2:Turn 	135378	0	0	0	0	45	38	38	590	9	200	0
2:Turn 	135580	0	0	0	0	45	38	38	590	9	200	0
2:Turn 	135781	0	0	0	0	45	38	38	590	9	200	0
2:Turn 	135983	0	0	0	0	45	38	38	590	9	200	0
2:Turn 	136184	0	0	0	0	45	38	38	590	9	200	0
2:Turn 	136385	0	0	0	0	45	39	39	590	9	200	0
2:Turn 	136587	0	0	0	0	45	39	39	590	9	200	0
2:Turn 	136788	0	0	0	0	45	39	39	590	9	200	0
2:Turn 	136989	0	0	0	0	45	39	39	590	9	200	0
2:Turn 	137191	0	0	0	0	45	39	39	590	9	200	0
2:Turn 	137393	0	0	0	0	45	39	39	590	9	200	0
2:Turn 	137593	0	0	0	0	45	40	40	590	9	200	0
2:Turn 	137795	0	0	0	0	45	40	40	590	9	200	0
2:Turn 	137997	0	0	0	0	45	40	40	590	9	200	0
2:Turn 	138198	0	0	0	0	45	40	40	590	9	200	0
2:Turn 	138399	0	0	0	0	45	40	40	590	9	200	0
2:Turn 	138601	0	0	0	0	45	40	40	590	9	200	0
2:Turn 	138802	0	0	0	0	45	41	41	590	9	200	0
2:Turn 	139003	0	0	0	0	45	41	41	590	9	200	0
2:Turn 	139205	0	0	0	0	45	41	41	590	9	200	0
2:Turn 	139406	0	0	0	0	45	41	41	590	9	200	0
2:Turn 	139608	0	0	0	0	45	41	41	590	9	200	0
2:Turn 	139809	0	0	0	0	45	41	41	590	9	200	0
2:Turn 	140010	0	0	0	0	45	42	42	590	9	200	0
2:Turn 	140212	0	0	0	0	45	42	42	590	9	200	0
2:Turn 	140413	0	0	0	0	45	42	42	590	9	200	0
2:Turn 	140614	0	0	0	0	45	42	42	590	9	200	0
2:Turn 	140816	0	0	0	0	45	42	42	590	9	200	0
2:Turn 	141018	0	0	0	0	45	42	42	590	9	200	0
2:Turn 	141218	0	0	0	0	45	43	43	590	9	200	0
2:Turn 	141420	0	0	0	0	45	43	43	590	9	200	0
2:Turn 	141622	0	0	0	0	45	43	43	590	9	200	0
2:Turn 	141822	0	0	0	0	45	43	43	590	9	200	0
2:Turn 	142024	0	0	0	0	45	43	43	590	9	200	0
2:Turn 	142226	0	0	0	0	45	43	43	590	9	200	0
2:Turn 	142427	0	0	0	0	45	44	44	590	9	200	0
2:Turn 	142628	0	0	0	0	45	44	44	590	9	200	0
2:Turn 	142830	0	0	0	0	45	44	44	590	9	200	0
2:Turn 	143031	0	0	0	0	45	44	44	590	9	200	0
2:Turn 	143233	0	0	0	0	45	44	44	590	9	200	0
2:Turn 	143434	0	0	0	0	45	44	44	590	9	200	0
2:Turn 	143636	0	0	0	0	45	45	45	590	9	200	0
2:Turn 	143837	0	0	0	0	45	45	45	590	9	200	0
2:Turn 	144038	0	0	0	0	45	45	45	590	9	200	0
2:Turn 	144240	0	0	0	0	45	45	45	590	9	200	0
2:Turn 	144441	0	0	0	0	45	45	45	590	9	200	0
2:Turn 	144643	0	0	0	0	45	45	45	590	9	200	0
2:Turn 	144844	0	0	0	0	45	45	45	590	9	200	0
2:Turn 	145045	0	0	0	0	45	45	45	590	9	200	0
2:Turn 	145247	0	0	0	0	45	45	45	590	9	200	0
2:Turn 	145448	0	0	0	0	45	45	45	590	9	200	0
2:Turn 	145649	0	0	0	0	45	45	45	590	9	200	0
2:Turn 	145851	0	0	0	0	45	45	45	590	9	200	0
2:Turn 	146053	0	0	0	0	45	45	45	590	9	200	0
2:Turn 	146253	0	0	0	0	45	45	45	590	9	200	0
2:Turn 	146455	0	0	0	0	45	45	45	590	9	200	0
2:Turn 	146657	0	0	0	0	45	45	45	590	9	200	0
2:Turn 	146857	0	0	0	0	45	45	45	590	9	200	0
2:Turn 	147059	0	0	0	0	45	45	45	590	9	200	0
2:Turn 	147261	0	0	0	0	45	45	45	590	9	200	0
2:Turn 	147462	0	0	0	0	45	45	45	590	9	200	0
2:Turn 	147663	0	0	0	0	45	45	45	590	9	200	0
2:Turn 	147865	0	0	0	0	45	45	45	590	9	200	0
2:Turn 	148066	0	0	0	0	45	45	45	590	9	200	0
2:Turn 	148268	0	0	0	0	45	45	45	590	9	200	0
2:Turn 	148469	0	0	0	0	45	45	45	590	9	200	0
2:Turn 	148670	0	0	0	0	45	45	45	590	9	200	0
2:Turn 	148872	0	0	0	0	45	45	45	590	9	200	0
2:Turn 	149073	0	0	0	0	45	45	45	590	9	200	0
2:Turn 	149274	0	0	0	0	45	45	45	590	9	200	0
2:Turn 	149476	0	0	0	0	45	45	45	590	9	200	0
2:Turn 	149678	0	0	0	0	45	45	45	590	9	200	0
2:Turn 	149878	0	0	0	0	45	45	45	590	9	200	0
2:Turn 	150080	0	0	0	0	45	45	45	590	9	200	0
2:Turn 	150282	0	0	0	0	45	45	45	590	9	200	0
2:Turn 	150482	0	0	0	0	45	45	45	590	9	200	0
2:Turn 	150684	0	0	0	0	45	45	45	590	9	200	0
2:Turn 	150886	0	0	0	0	45	45	45	590	9	200	0
2:Turn 	151087	0	0	0	0	45	45	45	590	9	200	0
2:Turn 	151288	0	0	0	0	45	45	45	590	9	200	0
2:Turn 	151490	0	0	0	0	45	45	45	590	9	200	0
2:Turn 	151691	0	0	0	0	45	45	45	590	9	200	0
2:Turn 	151892	0	0	0	0	45	45	45	590	9	200	0
2:Turn 	152094	0	0	0	0	45	45	45	590	9	200	0
2:Turn 	152296	0	0	0	0	45	45	45	590	9	200	0
2:Turn 	152497	0	0	0	0	45	45	45	590	9	200	0
2:Turn 	152698	0	0	0	0	45	45	45	590	9	200	0
2:Turn 	152900	0	0	0	0	45	45	45	590	9	200	0
2:Turn 	153101	0	0	0	0	45	45	45	590	9	200	0
2:Turn 	153303	0	0	0	0	45	45	45	590	9	200	0
2:Turn 	153504	0	0	0	0	45	45	45	590	9	200	0
2:Turn 	153705	0	0	0	0	45	45	45	590	9	200	0
2:Turn 	153907	0	0	0	0	45	45	45	590	9	200	0
2:Turn 	154108	0	0	0	0	45	45	45	590	9	200	0
2:Turn 	154309	0	0	0	0	45	45	45	590	9	200	0
2:Turn 	154511	0	0	0	0	45	45	45	590	9	200	0
2:Turn 	154713	0	0	0	0	45	45	45	590	9	200	0
2:Turn 	154913	0	0	0	0	45	45	45	590	9	200	0
2:Turn 	155115	0	0	0	0	45	45	45	590	9	200	0
2:Turn 	155317	0	0	0	0	45	45	45	590	9	200	0
2:Turn 	155517	0	0	0	0	45	45	45	590	9	200	0
2:Turn 	155719	0	0	0	0	45	45	45	590	9	200	0
2:Turn 	155921	0	0	0	0	45	45	45	590	9	200	0
2:Turn 	156122	0	0	0	0	45	45	45	590	9	200	0
2:Turn 	156323	0	0	0	0	45	45	45	590	9	200	0
2:Turn 	156525	0	0	0	0	45	45	45	590	9	200	0
2:Turn 	156726	0	0	0	0	45	45	45	590	9	200	0
2:Turn 	156928	0	0	0	0	45	45	45	590	9	200	0
2:Turn 	157129	0	0	0	0	45	45	45	590	9	200	0
2:Turn 	157330	0	0	0	0	45	45	45	590	9	200	0
2:Turn 	157532	0	0	0	0	45	45	45	590	9	200	0
2:Turn 	157733	0	0	0	0	45	45	45	590	9	200	0
2:Turn 	157934	0	0	0	0	45	45	45	590	9	200	0
2:Turn 	158136	0	0	0	0	45	45	45	590	9	200	0
2:Turn 	158338	0	0	0	0	45	45	45	590	9	200	0
2:Turn 	158538	0	0	0	0	45	45	45	590	9	200	0
2:Turn 	158740	0	0	0	0	45	45	45	590	9	200	0
2:Turn 	158942	0	0	0	0	45	45	45	590	9	200	0
2:Turn 	159142	0	0	0	0	45	45	45	590	9	200	0
2:Turn 	159344	0	0	0	0	45	45	45	590	9	200	0
2:Turn 	159546	0	0	0	0	45	45	45	590	9	200	0
2:Turn 	159748	0	0	0	0	45	45	45	590	9	200	0
2:Turn 	159948	0	0	0	0	45	45	45	590	9	200	0
2:Turn 	160150	0	0	0	0	45	45	45	590	9	200	0
2:Turn 	160352	0	0	0	0	45	45	45	590	9	200	0
2:Turn 	160552	0	0	0	0	45	45	45	590	9	200	0
2:Turn 	160754	0	0	0	0	45	45	45	590	9	200	0
2:Turn 	160956	0	0	0	0	45	45	45	590	9	200	0
2:Turn 	161157	0	0	0	0	45	45	45	590	9	200	0
2:Turn 	161358	0	0	0	0	45	45	45	590	9	200	0
2:Turn 	161560	0	0	0	0	45	45	45	590	9	200	0
2:Turn 	161761	0	0	0	0	45	45	45	590	9	200	0
2:Turn 	161963	0	0	0	0	45	45	45	590	9	200	0
2:Turn 	162164	0	0	0	0	45	45	45	590	9	200	0
2:Turn 	162365	0	0	0	0	45	45	45	590	9	200	0
2:Turn 	162567	0	0	0	0	45	45	45	590	9	200	0
2:Turn 	162768	0	0	0	0	45	45	45	590	9	200	0
2:Turn 	162969	0	0	0	0	45	45	45	590	9	200	0
2:Turn 	163171	0	0	0	0	45	45	45	590	9	200	0
2:Turn 	163373	0	0	0	0	45	45	45	590	9	200	0
2:Turn 	163573	0	0	0	0	45	45	45	590	9	200	0
2:Turn 	163775	0	0	0	0	45	45	45	590	9	200	0
2:Turn 	163977	0	0	0	0	45	45	45	590	9	200	0
2:Turn 	164177	0	0	0	0	45	45	45	590	9	200	0
2:Turn 	164379	0	0	0	0	45	45	45	590	9	200	0
2:Turn 	164581	0	0	0	0	45	45	45	590	9	200	0
2:Turn 	164782	0	0	0	0	45	45	45	590	9	200	0
2:Turn 	164983	0	0	0	0	45	45	45	590	9	200	0
2:Turn 	165185	0	0	0	0	45	45	45	590	9	200	0
2:Turn 	165386	0	0	0	0	45	45	45	590	9	200	0
2:Turn 	165587	0	0	0	0	45	45	45	590	9	200	0
2:Turn 	165789	0	0	0	0	45	45	45	590	9	200	0
2:Turn 	165990	0	0	0	0	45	45	45	590	9	200	0
2:Turn 	166192	0	0	0	0	45	45	45	590	9	200	0
2:Turn 	166393	0	0	0	0	45	45	45	590	9	200	0
2:Turn 	166594	0	0	0	0	45	45	45	590	9	200	0
2:Turn 	166796	0	0	0	0	45	45	45	590	9	200	0
2:Turn 	166998	0	0	0	0	45	45	45	590	9	200	0
2:Turn 	167198	0	0	0	0	45	45	45	590	9	200	0
2:Turn 	167400	0	0	0	0	45	45	45	590	9	200	0
2:Turn 	167602	0	0	0	0	45	45	45	590	9	200	0
2:Turn 	167802	0	0	0	0	45	45	45	590	9	200	0
2:Turn 	168004	0	0	0	0	45	45	45	590	9	200	0
2:Turn 	168206	0	0	0	0	45	45	45	590	9	200	0
2:Turn 	168407	0	0	0	0	45	45	45	590	9	200	0
2:Turn 	168608	0	0	0	0	45	45	45	590	9	200	0
2:Turn 	168810	0	0	0	0	45	45	45	590	9	200	0
2:Turn 	169012	0	0	0	0	45	45	45	590	9	200	0
2:Turn 	169212	0	0	0	0	45	45	45	590	9	200	0
2:Turn 	169414	0	0	0	0	45	45	45	590	9	200	0
2:Turn 	169616	0	0	0	0	45	45	45	590	9	200	0
2:Turn 	169817	0	0	0	0	45	45	45	590	9	200	0
2:Turn 	170018	0	0	0	0	45	45	45	590	9	200	0
2:Turn 	170220	0	0	0	0	45	45	45	590	9	200	0
2:Turn 	170421	0	0	0	0	45	45	45	590	9	200	0
2:Turn 	170622	0	0	0	0	45	45	45	590	9	200	0
2:Turn 	170824	0	0	0	0	45	45	45	590	9	200	0
2:Turn 	171025	0	0	0	0	45	45	45	590	9	200	0
2:Turn 	171227	0	0	0	0	45	45	45	590	9	200	0
2:Turn 	171428	0	0	0	0	45	45	45	590	9	200	0
2:Turn 	171629	0	0	0	0	45	45	45	590	9	200	0
2:Turn 	171831	0	0	0	0	45	45	45	590	9	200	0
2:Turn 	172033	0	0	0	0	45	45	45	590	9	200	0
2:Turn 	172233	0	0	0	0	45	45	45	590	9	200	0
2:Turn 	172435	0	0	0	0	45	45	45	590	9	200	0
2:Turn 	172637	0	0	0	0	45	45	45	590	9	200	0
2:Turn 	172837	0	0	0	0	45	45	45	590	9	200	0
2:Turn 	173039	0	0	0	0	45	45	45	590	9	200	0
2:Turn 	173241	0	0	0	0	45	45	45	590	9	200	0
2:Turn 	173442	0	0	0	0	45	45	45	590	9	200	0
2:Turn 	173643	0	0	0	0	45	45	45	590	9	200	0
2:Turn 	173845	0	0	0	0	45	45	45	590	9	200	0
2:Turn 	174046	0	0	0	0	45	45	45	590	9	200	0
2:Turn 	174247	0	0	0	0	45	45	45	590	9	200	0
2:Turn 	174449	0	0	0	0	45	45	45	590	9	200	0
2:Turn 	174650	0	0	0	0	45	45	45	590	9	200	0
2:Turn 	174852	0	0	0	0	45	45	45	590	9	200	0
2:Turn 	175053	0	0	0	0	45	45	45	590	9	200	0
2:Turn 	175254	0	0	0	0	45	45	45	590	9	200	0
2:Turn 	175456	0	0	0	0	45	45	45	590	9	200	0
2:Turn 	175657	0	0	0	0	45	45	45	590	9	200	0
2:Turn 	175858	0	0	0	0	45	45	45	590	9	200	0
2:Turn 	176060	0	0	0	0	45	45	45	590	9	200	0
2:Turn 	176262	0	0	0	0	45	45	45	590	9	200	0
2:Turn 	176462	0	0	0	0	45	45	45	590	9	200	0
2:Turn 	176664	0	0	0	0	45	45	45	590	9	200	0
2:Turn 	176866	0	0	0	0	45	45	45	590	9	200	0
2:Turn 	177067	0	0	0	0	45	45	45	590	9	200	0
2:Turn 	177268	0	0	0	0	45	45	45	590	9	200	0
2:Turn 	177470	0	0	0	0	45	45	45	590	9	200	0
2:Turn 	177671	0	0	0	0	45	45	45	590	9	200	0
2:Turn 	177872	0	0	0	0	45	45	45	590	9	200	0
2:Turn 	178074	0	0	0	0	45	45	45	590	9	200	0
2:Turn 	178276	0	0	0	0	45	45	45	590	9	200	0
2:Turn 	178477	0	0	0	0	45	45	45	590	9	200	0
2:Turn 	178678	0	0	0	0	45	45	45	590	9	200	0
2:Turn 	178880	0	0	0	0	45	45	45	590	9	200	0
2:Turn 	179081	0	0	0	0	45	45	45	590	9	200	0
2:Turn 	179282	0	0	0	0	45	45	45	590	9	200	0
2:Turn 	179484	0	0	0	0	45	45	45	590	9	200	0
2:Turn 	179685	0	0	0	0	45	45	45	590	9	200	0
2:Turn 	179887	0	0	0	0	45	45	45	590	9	200	0
2:Turn 	180088	0	0	0	0	45	45	45	590	9	200	0
2:Turn 	180289	0	0	0	0	45	45	45	590	9	200	0
2:Turn 	180491	0	0	0	0	45	45	45	590	9	200	0
2:Turn 	180692	0	0	0	0	45	45	45	590	9	200	0
2:Turn 	180893	0	0	0	0	45	45	45	590	9	200	0
2:Turn 	181095	0	0	0	0	45	45	45	590	9	200	0
2:Turn 	181297	0	0	0	0	45	45	45	590	9	200	0
2:Turn 	181497	0	0	0	0	45	45	45	590	9	200	0
2:Turn 	181699	0	0	0	0	45	45	45	590	9	200	0
2:Turn 	181901	0	0	0	0	45	45	45	590	9	200	0
2:Turn 	182102	0	0	0	0	45	45	45	590	9	200	0
2:Turn 	182303	0	0	0	0	45	45	45	590	9	200	0
2:Turn 	182505	0	0	0	0	45	45	45	590	9	200	0
2:Turn 	182706	0	0	0	0	45	45	45	590	9	200	0
2:Turn 	182907	0	0	0	0	45	45	45	590	9	200	0
2:Turn 	183109	0	0	0	0	45	45	45	590	9	200	0
2:Turn 	183310	0	0	0	0	45	45	45	590	9	200	0
2:Turn 	183512	0	0	0	0	45	45	45	590	9	200	0
2:Turn 	183713	0	0	0	0	45	45	45	590	9	200	0
2:Turn 	183914	0	0	0	0	45	45	45	590	9	200	0
2:Turn 	184116	0	0	0	0	45	45	45	590	9	200	0
2:Turn 	184317	0	0	0	0	45	45	45	590	9	200	0
2:Turn 	184518	0	0	0	0	45	45	45	590	9	200	0
2:Turn 	184720	0	0	0	0	45	45	45	590	9	200	0
2:Turn 	184922	0	0	0	0	45	45	45	590	9	200	0
2:Turn 	185122	0	0	0	0	45	45	45	590	9	200	0
2:Turn 	185324	0	0	0	0	45	45	45	590	9	200	0
2:Turn 	185526	0	0	0	0	45	45	45	590	9	200	0
2:Turn 	185726	0	0	0	0	45	45	45	590	9	200	0
2:Turn 	185928	0	0	0	0	45	45	45	590	9	200	0
2:Turn 	186130	0	0	0	0	45	45	45	590	9	200	0
2:Turn 	186331	0	0	0	0	45	45	45	590	9	200	0
2:Turn 	186532	0	0	0	0	45	45	45	590	9	200	0
2:Turn 	186734	0	0	0	0	45	45	45	590	9	200	0
2:Turn 	186935	0	0	0	0	45	45	45	590	9	200	0
2:Turn 	187137	0	0	0	0	45	45	45	590	9	200	0
2:Turn 	187338	0	0	0	0	45	45	45	590	9	200	0
2:Turn 	187540	0	0	0	0	45	45	45	590	9	200	0
2:Turn 	187741	0	0	0	0	45	45	45	590	9	200	0
2:Turn 	187942	0	0	0	0	45	45	45	590	9	200	0
2:Turn 	188144	0	0	0	0	45	45	45	590	9	200	0
2:Turn 	188345	0	0	0	0	45	45	45	590	9	200	0
2:Turn 	188547	0	0	0	0	45	45	45	590	9	200	0
2:Turn 	188748	0	0	0	0	45	45	45	590	9	200	0
2:Turn 	188949	0	0	0	0	45	45	45	590	9	200	0
2:Turn 	189151	0	0	0	0	45	45	45	590	9	200	0
2:Turn 	189352	0	0	0	0	45	45	45	590	9	200	0
2:Turn 	189553	0	0	0	0	45	45	45	590	9	200	0
2:Turn 	189755	0	0	0	0	45	45	45	590	9	200	0
2:Turn 	189957	0	0	0	0	45	45	45	590	9	200	0
2:Turn 	190157	0	0	0	0	45	45	45	590	9	200	0
2:Turn 	190359	0	0	0	0	45	45	45	590	9	200	0
2:Turn 	190561	0	0	0	0	45	45	45	590	9	200	0
2:Turn 	190761	0	0	0	0	45	45	45	590	9	200	0
2:Turn 	190963	0	0	0	0	45	45	45	590	9	200	0
2:Turn 	191165	0	0	0	0	45	45	45	590	9	200	0
2:Turn 	191366	0	0	0	0	45	45	45	590	9	200	0
2:Turn 	191567	0	0	0	0	45	45	45	590	9	200	0
2:Turn 	191769	0	0	0	0	45	45	45	590	9	200	0
2:Turn 	191970	0	0	0	0	45	45	45	590	9	200	0
2:Turn 	192172	0	0	0	0	45	45	45	590	9	200	0
2:Turn 	192373	0	0	0	0	45	45	45	590	9	200	0
2:Turn 	192574	0	0	0	0	45	45	45	590	9	200	0
2:Turn 	192776	0	0	0	0	45	45	45	590	9	200	0
2:Turn 	192977	0	0	0	0	45	45	45	590	9	200	0
2:Turn 	193178	0	0	0	0	45	45	45	590	9	200	0
2:Turn 	193380	0	0	0	0	45	45	45	590	9	200	0
2:Turn 	193582	0	0	0	0	45	45	45	590	9	200	0
2:Turn 	193782	0	0	0	0	45	45	45	590	9	200	0
2:Turn 	193984	0	0	0	0	45	45	45	590	9	200	0
2:Turn 	194186	0	0	0	0	45	45	45	590	9	200	0
2:Turn 	194386	0	0	0	0	45	45	45	590	9	200	0
2:Turn 	194588	0	0	0	0	45	45	45	590	9	200	0
2:Turn 	194790	0	0	0	0	45	45	45	590	9	200	0
2:Turn 	194991	0	0	0	0	45	45	45	590	9	200	0
2:Turn 	195192	0	0	0	0	45	45	45	590	9	200	0
2:Turn 	195394	0	0	0	0	45	45	45	590	9	200	0
2:Turn 	195596	0	0	0	0	45	45	45	590	9	200	0
2:Turn 	195796	0	0	0	0	45	45	45	590	9	200	0
2:Turn 	195998	0	0	0	0	45	45	45	590	9	200	0
2:Turn 	196200	0	0	0	0	45	45	45	590	9	200	0
2:Turn 	196401	0	0	0	0	45	45	45	590	9	200	0
2:Turn 	196602	0	0	0	0	45	45	45	590	9	200	0
2:Turn 	196804	0	0	0	0	45	45	45	590	9	200	0
2:Turn 	197005	0	0	0	0	45	45	45	590	9	200	0
2:Turn 	197207	0	0	0	0	45	45	45	590	9	200	0
2:Turn 	197408	0	0	0	0	45	45	45	590	9	200	0
2:Turn 	197609	0	0	0	0	45	45	45	590	9	200	0
2:Turn 	197811	0	0	0	0	45	45	45	590	9	200	0
2:Turn 	198012	0	0	0	0	45	45	45	590	9	200	0
2:Turn 	198213	0	0	0	0	45	45	45	590	9	200	0
2:Turn 	198415	0	0	0	0	45	45	45	590	9	200	0
2:Turn 	198617	0	0	0	0	45	45	45	590	9	200	0
2:Turn 	198817	0	0	0	0	45	45	45	590	9	200	0
2:Turn 	199019	0	0	0	0	45	45	45	590	9	200	0
2:Turn 	199221	0	0	0	0	45	45	45	590	9	200	0
2:Turn 	199421	0	0	0	0	45	45	45	590	9	200	0
2:Turn 	199623	0	0	0	0	45	45	45	590	9	200	0
2:Turn 	199825	0	0	0	0	45	45	45	590	9	200	0
2:Turn 	200026	0	0	0	0	45	45	45	590	9	200	0
2:Turn 	200227	0	0	0	0	45	45	45	590	9	200	0
2:Turn 	200429	0	0	0	0	45	45	45	590	9	200	0
2:Turn 	200630	0	0	0	0	45	45	45	590	9	200	0
2:Turn 	200832	0	0	0	0	45	45	45	590	9	200	0
2:Turn 	201033	0	0	0	0	45	45	45	590	9	200	0
2:Turn 	201234	0	0	0	0	45	45	45	590	9	200	0
2:Turn 	201436	0	0	0	0	45	45	45	590	9	200	0
2:Turn 	201637	0	0	0	0	45	45	45	590	9	200	0
2:Turn 	201838	0	0	0	0	45	45	45	590	9	200	0
2:Turn 	202040	0	0	0	0	45	45	45	590	9	200	0
2:Turn 	202242	0	0	0	0	45	45	45	590	9	200	0
2:Turn 	202442	0	0	0	0	45	45	45	590	9	200	0
2:Turn 	202644	0	0	0	0	45	45	45	590	9	200	0
2:Turn 	202846	0	0	0	0	45	45	45	590	9	200	0
2:Turn 	203046	0	0	0	0	45	45	45	590	9	200	0
2:Turn 	203248	0	0	0	0	45	45	45	590	9	200	0
2:Turn 	203450	0	0	0	0	45	45	45	590	9	200	0
2:Turn 	203651	0	0	0	0	45	45	45	590	9	200	0
2:Turn 	203852	0	0	0	0	45	45	45	590	9	200	0
2:Turn 	204054	0	0	0	0	45	45	45	590	9	200	0
2:Turn 	204256	0	0	0	0	45	45	45	590	9	200	0
2:Turn 	204456	0	0	0	0	45	45	45	590	9	200	0
2:Turn 	204658	0	0	0	0	45	45	45	590	9	200	0
2:Turn 	204860	0	0	0	0	45	45	45	590	9	200	0
2:Turn 	205061	0	0	0	0	45	45	45	590	9	200	0
2:Turn 	205262	0	0	0	0	45	45	45	590	9	200	0
2:Turn 	205464	0	0	0	0	45	45	45	590	9	200	0
2:Turn 	205665	0	0	0	0	45	45	45	590	9	200	0
2:Turn 	205867	0	0	0	0	45	45	45	590	9	200	0
2:Turn 	206068	0	0	0	0	45	45	45	590	9	200	0
2:Turn 	206269	0	0	0	0	45	45	45	590	9	200	0
2:Turn 	206471	0	0	0	0	45	45	45	590	9	200	0
2:Turn 	206672	0	0	0	0	45	45	45	590	9	200	0
2:Turn 	206873	0	0	0	0	45	45	45	590	9	200	0
2:Turn 	207075	0	0	0	0	45	45	45	590	9	200	0
2:Turn 	207277	0	0	0	0	45	45	45	590	9	200	0
2:Turn 	207477	0	0	0	0	45	45	45	590	9	200	0
2:Turn 	207679	0	0	0	0	45	45	45	590	9	200	0
2:Turn 	207881	0	0	0	0	45	45	45	590	9	200	0
2:Turn 	208081	0	0	0	0	45	45	45	590	9	200	0
2:Turn 	208283	0	0	0	0	45	45	45	590	9	200	0
2:Turn 	208485	0	0	0	0	45	45	45	590	9	200	0
2:Turn 	208686	0	0	0	0	45	45	45	590	9	200	0
2:Turn 	208887	0	0	0	0	45	45	45	590	9	200	0
2:Turn 	209089	0	0	0	0	45	45	45	590	9	200	0
2:Turn 	209290	0	0	0	0	45	45	45	590	9	200	0
2:Turn 	209491	0	0	0	0	45	45	45	590	9	200	0
2:Turn 	209693	0	0	0	0	45	45	45	590	9	200	0
2:Turn 	209894	0	0	0	0	45	45	45	590	9	200	0
2:Turn 	210096	0	0	0	0	45	45	45	590	9	200	0
2:Turn 	210297	0	0	0	0	45	45	45	590	9	200	0
2:Turn 	210498	0	0	0	0	45	45	45	590	9	200	0
2:Turn 	210700	0	0	0	0	45	45	45	590	9	200	0
2:Turn 	210902	0	0	0	0	45	45	45	590	9	200	0
2:Turn 	211102	0	0	0	0	45	45	45	590	9	200	0
2:Turn 	211304	0	0	0	0	45	45	45	590	9	200	0
2:Turn 	211506	0	0	0	0	45	45	45	590	9	200	0
2:Turn 	211706	0	0	0	0	45	45	45	590	9	200	0
2:Turn 	211908	0	0	0	0	45	45	45	590	9	200	0
2:Turn 	212110	0	0	0	0	45	45	45	590	9	200	0
2:Turn 	212311	0	0	0	0	45	45	45	590	9	200	0
2:Turn 	212512	0	0	0	0	45	45	45	590	9	200	0
2:Turn 	212714	0	0	0	0	45	45	45	590	9	200	0
2:Turn 	212916	0	0	0	0	45	45	45	590	9	200	0
2:Turn 	213116	0	0	0	0	45	45	45	590	9	200	0
2:Turn 	213318	0	0	0	0	45	45	45	590	9	200	0
2:Turn 	213520	0	0	0	0	45	45	45	590	9	200	0
2:Turn 	213721	0	0	0	0	45	45	45	590	9	200	0
2:Turn 	213922	0	0	0	0	45	45	45	590	9	200	0
2:Turn 	214124	0	0	0	0	45	45	45	590	9	200	0
2:Turn 	214325	0	0	0	0	45	45	45	590	9	200	0
2:Turn 	214526	0	0	0	0	45	45	45	590	9	200	0
2:Turn 	214728	0	0	0	0	45	45	45	590	9	200	0
2:Turn 	214929	0	0	0	0	45	45	45	590	9	200	0
2:Turn 	215131	0	0	0	0	45	45	45	590	9	200	0
2:Turn 	215332	0	0	0	0	45	45	45	590	9	200	0
2:Turn 	215533	0	0	0	0	45	45	45	590	9	200	0
2:Turn 	215735	0	0	0	0	45	45	45	590	9	200	0
2:Turn 	215937	0	0	0	0	45	45	45	590	9	200	0
2:Turn 	216137	0	0	0	0	45	45	45	590	9	200	0
2:Turn 	216339	0	0	0	0	45	45	45	590	9	200	0
2:Turn 	216541	0	0	0	0	45	45	45	590	9	200	0
2:Turn 	216741	0	0	0	0	45	45	45	590	9	200	0
2:Turn 	216943	0	0	0	0	45	45	45	590	9	200	0
2:Turn 	217145	0	0	0	0	45	45	45	590	9	200	0
2:Turn 	217346	0	0	0	0	45	45	45	590	9	200	0
2:Turn 	217547	0	0	0	0	45	45	45	590	9	200	0
2:Turn 	217749	0	0	0	0	45	45	45	590	9	200	0
2:Turn 	217950	0	0	0	0	45	45	45	590	9	200	0
2:Turn 	218151	0	0	0	0	45	45	45	590	9	200	0
2:Turn 	218353	0	0	0	0	45	45	45	590	9	200	0
2:Turn 	218554	0	0	0	0	45	45	45	590	9	200	0
2:Turn 	218756	0	0	0	0	45	45	45	590	9	200	0
2:Turn 	218957	0	0	0	0	45	45	45	590	9	200	0
2:Turn 	219158	0	0	0	0	45	45	45	590	9	200	0
2:Turn 	219360	0	0	0	0	45	45	45	590	9	200	0
2:Turn 	219561	0	0	0	0	45	45	45	590	9	200	0
2:Turn 	219762	0	0	0	0	45	45	45	590	9	200	0
2:Turn 	219964	0	0	0	0	45	45	45	590	9	200	0
2:Turn 	220166	0	0	0	0	45	45	45	590	9	200	0
2:Turn 	220366	0	0	0	0	45	45	45	590	9	200	0
2:Turn 	220568	0	0	0	0	45	45	45	590	9	200	0
2:Turn 	220770	0	0	0	0	45	45	45	590	9	200	0
2:Turn 	220971	0	0	0	0	45	45	45	590	9	200	0
2:Turn 	221172	0	0	0	0	45	45	45	590	9	200	0
2:Turn 	221374	0	0	0	0	45	45	45	590	9	200	0
2:Turn 	221576	0	0	0	0	45	45	45	590	9	200	0
2:Turn 	221776	0	0	0	0	45	45	45	590	9	200	0
2:Turn 	221978	0	0	0	0	45	45	45	590	9	200	0
2:Turn 	222180	0	0	0	0	45	45	45	590	9	200	0
2:Turn 	222381	0	0	0	0	45	45	45	590	9	200	0
2:Turn 	222582	0	0	0	0	45	45	45	590	9	200	0
2:Turn 	222784	0	0	0	0	45	45	45	590	9	200	0
2:Turn 	222985	0	0	0	0	45	45	45	590	9	200	0
2:Turn 	223186	0	0	0	0	45	45	45	590	9	200	0
2:Turn 	223388	0	0	0	0	45	45	45	590	9	200	0
2:Turn 	223589	0	0	0	0	45	45	45	590	9	200	0
2:Turn 	223791	0	0	0	0	45	45	45	590	9	200	0
2:Turn 	223992	0	0	0	0	45	45	45	590	9	200	0
2:Turn 	224193	0	0	0	0	45	45	45	590	9	200	0
2:Turn 	224395	0	0	0	0	45	45	45	590	9	200	0
2:Turn 	224596	0	0	0	0	45	45	45	590	9	200	0
2:Turn 	224797	0	0	0	0	45	45	45	590	9	200	0
2:Turn 	224999	0	0	0	0	45	45	45	590	9	200	0
2:Turn 	225201	0	0	0	0	45	45	45	590	9	200	0
2:Turn 	225401	0	0	0	0	45	45	45	590	9	200	0
2:Turn 	225603	0	0	0	0	45	45	45	590	9	200	0
2:Turn 	225805	0	0	0	0	45	45	45	590	9	200	0
2:Turn 	226006	0	0	0	0	45	45	45	590	9	200	0
2:Turn 	226207	0	0	0	0	45	45	45	590	9	200	0
2:Turn 	226409	0	0	0	0	45	45	45	590	9	200	0
2:Turn 	226610	0	0	0	0	45	45	45	590	9	200	0
2:Turn 	226811	0	0	0	0	45	45	45	590	9	200	0
2:Turn 	227013	0	0	0	0	45	45	45	590	9	200	0
2:Turn 	227214	0	0	0	0	45	45	45	590	9	200	0
2:Turn 	227416	0	0	0	0	45	45	45	590	9	200	0
2:Turn 	227617	0	0	0	0	45	45	45	590	9	200	0
2:Turn 	227818	0	0	0	0	45	45	45	590	9	200	0
2:Turn 	228020	0	0	0	0	45	45	45	590	9	200	0
2:Turn 	228221	0	0	0	0	45	45	45	590	9	200	0
2:Turn 	228422	0	0	0	0	45	45	45	590	9	200	0
2:Turn 	228624	0	0	0	0	45	45	45	590	9	200	0
2:Turn 	228826	0	0	0	0	45	45	45	590	9	200	0
2:Turn 	229027	0	0	0	0	45	45	45	590	9	200	0
2:Turn 	229228	0	0	0	0	45	45	45	590	9	200	0
2:Turn 	229430	0	0	0	0	45	45	45	590	9	200	0
2:Turn 	229632	0	0	0	0	45	45	45	590	9	200	0
2:Turn 	229832	0	0	0	0	45	45	45	590	9	200	0
2:Turn 	230034	0	0	0	0	45	45	45	590	9	200	0
2:Turn 	230236	0	0	0	0	45	45	45	590	9	200	0
2:Turn 	230436	0	0	0	0	45	45	45	590	9	200	0
2:Turn 	230638	0	0	0	0	45	45	45	590	9	200	0
2:Turn 	230840	0	0	0	0	45	45	45	590	9	200	0
2:Turn 	231041	0	0	0	0	45	45	45	590	9	200	0
2:Turn 	231242	0	0	0	0	45	45	45	590	9	200	0
2:Turn 	231444	0	0	0	0	45	45	45	590	9	200	0
2:Turn 	231645	0	0	0	0	45	45	45	590	9	200	0
2:Turn 	231846	0	0	0	0	45	45	45	590	9	200	0
2:Turn 	232048	0	0	0	0	45	45	45	590	9	200	0
2:Turn 	232249	0	0	0	0	45	45	45	590	9	200	0
2:Turn 	232451	0	0	0	0	45	45	45	590	9	200	0
2:Turn 	232652	0	0	0	0	45	45	45	590	9	200	0
2:Turn 	232853	0	0	0	0	45	45	45	590	9	200	0
2:Turn 	233055	0	0	0	0	45	45	45	590	9	200	0
2:Turn 	233256	0	0	0	0	45	45	45	590	9	200	0
2:Turn 	233457	0	0	0	0	45	45	45	590	9	200	0
2:Turn 	233659	0	0	0	0	45	45	45	590	9	200	0
2:Turn 	233861	0	0	0	0	45	45	45	590	9	200	0
2:Turn 	234061	0	0	0	0	45	45	45	590	9	200	0
2:Turn 	234263	0	0	0	0	45	45	45	590	9	200	0
2:Turn 	234465	0	0	0	0	45	45	45	590	9	200	0
2:Turn 	234665	0	0	0	0	45	45	45	590	9	200	0
2:Turn 	234867	0	0	0	0	45	45	45	590	9	200	0
2:Turn 	235069	0	0	0	0	45	45	45	590	9	200	0
2:Turn 	235270	0	0	0	0	45	45	45	590	9	200	0
2:Turn 	235471	0	0	0	0	45	45	45	590	9	200	0
2:Turn 	235673	0	0	0	0	45	45	45	590	9	200	0
2:Turn 	235874	0	0	0	0	45	45	45	590	9	200	0
2:Turn 	236076	0	0	0	0	45	45	45	590	9	200	0
2:Turn 	236277	0	0	0	0	45	45	45	590	9	200	0
2:Turn 	236478	0	0	0	0	45	45	45	590	9	200	0
2:Turn 	236680	0	0	0	0	45	45	45	590	9	200	0
2:Turn 	236881	0	0	0	0	45	45	45	590	9	200	0
2:Turn 	237083	0	0	0	0	45	45	45	590	9	200	0
2:Turn 	237284	0	0	0	0	45	45	45	590	9	200	0
2:Turn 	237486	0	0	0	0	45	45	45	590	9	200	0
2:Turn 	237687	0	0	0	0	45	45	45	590	9	200	0
2:Turn 	237888	0	0	0	0	45	45	45	590	9	200	0
2:Turn 	238090	0	0	0	0	45	45	45	590	9	200	0
2:Turn 	238291	0	0	0	0	45	45	45	590	9	200	0
2:Turn 	238492	0	0	0	0	45	45	45	590	9	200	0
2:Turn 	238694	0	0	0	0	45	45	45	590	9	200	0
2:Turn 	238896	0	0	0	0	45	45	45	590	9	200	0
2:Turn 	239096	0	0	0	0	45	45	45	590	9	200	0
2:Turn 	239298	0	0	0	0	45	45	45	590	9	200	0
2:Turn 	239500	0	0	0	0	45	45	45	590	9	200	0
2:Turn 	239700	0	0	0	0	45	45	45	590	9	200	0
2:Turn 	239902	0	0	0	0	45	45	45	590	9	200	0
2:Turn 	240104	0	0	0	0	45	45	45	590	9	200	0
2:Turn 	240305	0	0	0	0	45	45	45	590	9	200	0
2:Turn 	240506	0	0	0	0	45	45	45	590	9	200	0
2:Turn 	240708	0	0	0	0	45	45	45	590	9	200	0
2:Turn 	240909	0	0	0	0	45	45	45	590	9	200	0
2:Turn 	241111	0	0	0	0	45	45	45	590	9	200	0
2:Turn 	241312	0	0	0	0	45	45	45	590	9	200	0
2:Turn 	241513	0	0	0	0	45	45	45	590	9	200	0
2:Turn 	241715	0	0	0	0	45	45	45	590	9	200	0
2:Turn 	241916	0	0	0	0	45	45	45	590	9	200	0
2:Turn 	242117	0	0	0	0	45	45	45	590	9	200	0
2:Turn 	242319	0	0	0	0	45	45	45	590	9	200	0
2:Turn 	242521	0	0	0	0	45	45	45	590	9	200	0
2:Turn 	242721	0	0	0	0	45	45	45	590	9	200	0
2:Turn 	242923	0	0	0	0	45	45	45	590	9	200	0
2:Turn 	243125	0	0	0	0	45	45	45	590	9	200	0
2:Turn 	243325	0	0	0	0	45	45	45	590	9	200	0
2:Turn 	243527	0	0	0	0	45	45	45	590	9	200	0
2:Turn 	243729	0	0	0	0	45	45	45	590	9	200	0
2:Turn 	243931	0	0	0	0	45	45	45	590	9	200	0
2:Turn 	244131	0	0	0	0	45	45	45	590	9	200	0
2:Turn 	244333	0	0	0	0	45	45	45	590	9	200	0
2:Turn 	244535	0	0	0	0	45	45	45	590	9	200	0
2:Turn 	244736	0	0	0	0	45	45	45	590	9	200	0
2:Turn 	244937	0	0	0	0	45	45	45	590	9	200	0
2:Turn 	245139	0	0	0	0	45	45	45	590	9	200	0
2:Turn 	245340	0	0	0	0	45	45	45	590	9	200	0
2:Turn 	245541	0	0	0	0	45	45	45	590	9	200	0
2:Turn 	245743	0	0	0	0	45	45	45	590	9	200	0
2:Turn 	245944	0	0	0	0	45	45	45	590	9	200	0
2:Turn 	246146	0	0	0	0	45	45	45	590	9	200	0
2:Turn 	246347	0	0	0	0	45	45	45	590	9	200	0
2:Turn 	246548	0	0	0	0	45	45	45	590	9	200	0
2:Turn 	246750	0	0	0	0	45	45	45	590	9	200	0
2:Turn 	246951	0	0	0	0	45	45	45	590	9	200	0
2:Turn 	247152	0	0	0	0	45	45	45	590	9	200	0
2:Turn 	247354	0	0	0	0	45	45	45	590	9	200	0
2:Turn 	247556	0	0	0	0	45	45	45	590	9	200	0
2:Turn 	247756	0	0	0	0	45	45	45	590	9	200	0
2:Turn 	247958	0	0	0	0	45	45	45	590	9	200	0
2:Turn 	248160	0	0	0	0	45	45	45	590	9	200	0
2:Turn 	248360	0	0	0	0	45	45	45	590	9	200	0
2:Turn 	248562	0	0	0	0	45	45	45	590	9	200	0
2:Turn 	248764	0	0	0	0	45	45	45	590	9	200	0
2:Turn 	248965	0	0	0	0	45	45	45	590	9	200	0
2:Turn 	249166	0	0	0	0	45	45	45	590	9	200	0
2:Turn 	249368	0	0	0	0	45	45	45	590	9	200	0
2:Turn 	249569	0	0	0	0	45	45	45	590	9	200	0
2:Turn 	249771	0	0	0	0	45	45	45	590	9	200	0
2:Turn 	249972	0	0	0	0	45	45	45	590	9	200	0
2:Turn 	250173	0	0	0	0	45	45	45	590	9	200	0
2:Turn 	250375	0	0	0	0	45	45	45	590	9	200	0
2:Turn 	250576	0	0	0	0	45	45	45	590	9	200	0
2:Turn 	250777	0	0	0	0	45	45	45	590	9	200	0
2:Turn 	250979	0	0	0	0	45	45	45	590	9	200	0
2:Turn 	251181	0	0	0	0	45	45	45	590	9	200	0
2:Turn 	251381	0	0	0	0	45	45	45	590	9	200	0
2:Turn 	251583	0	0	0	0	45	45	45	590	9	200	0
2:Turn 	251785	0	0	0	0	45	45	45	590	9	200	0
2:Turn 	251986	0	0	0	0	45	45	45	590	9	200	0
2:Turn 	252187	0	0	0	0	45	45	45	590	9	200	0
2:Turn 	252389	0	0	0	0	45	45	45	590	9	200	0
2:Turn 	252591	0	0	0	0	45	45	45	590	9	200	0
2:Turn 	252791	0	0	0	0	45	45	45	590	9	200	0
2:Turn 	252993	0	0	0	0	45	45	45	590	9	200	0
2:Turn 	253195	0	0	0	0	45	45	45	590	9	200	0
2:Turn 	253395	0	0	0	0	45	45	45	590	9	200	0
2:Turn 	253597	0	0	0	0	45	45	45	590	9	200	0
2:Turn 	253799	0	0	0	0	45	45	45	590	9	200	0
2:Turn 	254000	0	0	0	0	45	45	45	590	9	200	0
2:Turn 	254201	0	0	0	0	45	45	45	590	9	200	0
2:Turn 	254403	0	0	0	0	45	45	45	590	9	200	0
2:Turn 	254604	0	0	0	0	45	45	45	590	9	200	0
2:Turn 	254806	0	0	0	0	45	45	45	590	9	200	0
2:Turn 	255007	0	0	0	0	45	45	45	590	9	200	0
2:Turn 	255208	0	0	0	0	45	45	45	590	9	200	0
2:Turn 	255410	0	0	0	0	45	45	45	590	9	200	0
2:Turn 	255611	0	0	0	0	45	45	45	590	9	200	0
2:Turn 	255812	0	0	0	0	45	45	45	590	9	200	0
2:Turn 	256014	0	0	0	0	45	45	45	590	9	200	0
2:Turn 	256216	0	0	0	0	45	45	45	590	9	200	0
2:Turn 	256416	0	0	0	0	45	45	45	590	9	200	0
2:Turn 	256618	0	0	0	0	45	45	45	590	9	200	0
2:Turn 	256820	0	0	0	0	45	45	45	590	9	200	0
2:Turn 	257020	0	0	0	0	45	45	45	590	9	200	0
2:Turn 	257222	0	0	0	0	45	45	45	590	9	200	0
2:Turn 	257424	0	0	0	0	45	45	45	590	9	200	0
2:Turn 	257625	0	0	0	0	45	45	45	590	9	200	0
2:Turn 	257826	0	0	0	0	45	45	45	590	9	200	0
2:Turn 	258028	0	0	0	0	45	45	45	590	9	200	0
2:Turn 	258229	0	0	0	0	45	45	45	590	9	200	0
2:Turn 	258430	0	0	0	0	45	45	45	590	9	200	0
2:Turn 	258632	0	0	0	0	45	45	45	590	9	200	0
2:Turn 	258833	0	0	0	0	45	45	45	590	9	200	0
2:Turn 	259035	0	0	0	0	45	45	45	590	9	200	0
2:Turn 	259236	0	0	0	0	45	45	45	590	9	200	0
2:Turn 	259437	0	0	0	0	45	45	45	590	9	200	0
2:Turn 	259639	0	0	0	0	45	45	45	590	9	200	0
2:Turn 	259841	0	0	0	0	45	45	45	590	9	200	0
2:Turn 	260042	0	0	0	0	45	45	45	590	9	200	0
2:Turn 	260243	0	0	0	0	45	45	45	590	9	200	0
2:Turn 	260445	0	0	0	0	45	45	45	590	9	200	0
2:Turn 	260646	0	0	0	0	45	45	45	590	9	200	0
2:Turn 	260847	0	0	0	0	45	45	45	590	9	200	0
2:Turn 	261049	0	0	0	0	45	45	45	590	9	200	0
2:Turn 	261251	0	0	0	0	45	45	45	590	9	200	0
2:Turn 	261451	0	0	0	0	45	45	45	590	9	200	0
2:Turn 	261653	0	0	0	0	45	45	45	590	9	200	0
2:Turn 	261855	0	0	0	0	45	45	45	590	9	200	0
2:Turn 	262055	0	0	0	0	45	45	45	590	9	200	0
2:Turn 	262257	0	0	0	0	45	45	45	590	9	200	0
2:Turn 	262459	0	0	0	0	45	45	45	590	9	200	0
2:Turn 	262660	0	0	0	0	45	45	45	590	9	200	0
2:Turn 	262861	0	0	0	0	45	45	45	590	9	200	0
2:Turn 	263063	0	0	0	0	45	45	45	590	9	200	0
2:Turn 	263264	0	0	0	0	45	45	45	590	9	200	0
2:Turn 	263465	0	0	0	0	45	45	45	590	9	200	0
2:Turn 	263667	0	0	0	0	45	45	45	590	9	200	0
2:Turn 	263868	0	0	0	0	45	45	45	590	9	200	0
2:Turn 	264070	0	0	0	0	45	45	45	590	9	200	0
2:Turn 	264271	0	0	0	0	45	45	45	590	9	200	0
2:Turn 	264472	0	0	0	0	45	45	45	590	9	200	0
2:Turn 	264674	0	0	0	0	45	45	45	590	9	200	0
2:Turn 	264876	0	0	0	0	45	45	45	590	9	200	0
2:Turn 	265076	0	0	0	0	45	45	45	590	9	200	0
2:Turn 	265278	0	0	0	0	45	45	45	590	9	200	0
2:Turn 	265480	0	0	0	0	45	45	45	590	9	200	0
2:Turn 	265680	0	0	0	0	45	45	45	590	9	200	0
2:Turn 	265882	0	0	0	0	45	45	45	590	9	200	0
2:Turn 	266084	0	0	0	0	45	45	45	590	9	200	0
2:Turn 	266285	0	0	0	0	45	45	45	590	9	200	0
2:Turn 	266486	0	0	0	0	45	45	45	590	9	200	0
2:Turn 	266688	0	0	0	0	45	45	45	590	9	200	0
2:Turn 	266889	0	0	0	0	45	45	45	590	9	200	0
2:Turn 	267090	0	0	0	0	45	45	45	590	9	200	0
2:Turn 	267292	0	0	0	0	45	45	45	590	9	200	0
2:Turn 	267493	0	0	0	0	45	45	45	590	9	200	0
2:Turn 	267695	0	0	0	0	45	45	45	590	9	200	0
2:Turn 	267896	0	0	0	0	45	45	45	590	9	200	0
2:Turn 	268098	0	0	0	0	45	45	45	590	9	200	0
2:Turn 	268299	0	0	0	0	45	45	45	590	9	200	0
2:Turn 	268500	0	0	0	0	45	45	45	590	9	200	0
2:Turn 	268702	0	0	0	0	45	45	45	590	9	200	0
2:Turn 	268903	0	0	0	0	45	45	45	590	9	200	0
2:Turn 	269105	0	0	0	0	45	45	45	590	9	200	0
2:Turn 	269306	0	0	0	0	45	45	45	590	9	200	0
2:Turn 	269507	0	0	0	0	45	45	45	590	9	200	0
2:Turn 	269709	0	0	0	0	45	45	45	590	9	200	0
2:Turn 	269911	0	0	0	0	45	45	45	590	9	200	0
2:Turn 	270111	0	0	0	0	45	45	45	590	9	200	0
2:Turn 	270313	0	0	0	0	45	45	45	590	9	200	0
2:Turn 	270515	0	0	0	0	45	45	45	590	9	200	0
2:Turn 	270715	0	0	0	0	45	45	45	590	9	200	0
2:Turn 	270917	0	0	0	0	45	45	45	590	9	200	0
2:Turn 	271119	0	0	0	0	45	45	45	590	9	200	0
2:Turn 	271320	0	0	0	0	45	45	45	590	9	200	0
2:Turn 	271521	0	0	0	0	45	45	45	590	9	200	0
2:Turn 	271723	0	0	0	0	45	45	45	590	9	200	0
2:Turn 	271924	0	0	0	0	45	45	45	590	9	200	0
2:Turn 	272125	0	0	0	0	45	45	45	590	9	200	0
2:Turn 	272327	0	0	0	0	45	45	45	590	9	200	0
2:Turn 	272528	0	0	0	0	45	45	45	590	9	200	0
2:Turn 	272730	0	0	0	0	45	45	45	590	9	200	0
2:Turn 	272931	0	0	0	0	45	45	45	590	9	200	0
2:Turn 	273132	0	0	0	0	45	45	45	590	9	200	0
2:Turn 	273334	0	0	0	0	45	45	45	590	9	200	0
2:Turn 	273536	0	0	0	0	45	45	45	590	9	200	0
2:Turn 	273736	0	0	0	0	45	45	45	590	9	200	0
2:Turn 	273938	0	0	0	0	45	45	45	590	9	200	0
2:Turn 	274140	0	0	0	0	45	45	45	590	9	200	0
2:Turn 	274340	0	0	0	0	45	45	45	590	9	200	0
2:Turn 	274542	0	0	0	0	45	45	45	590	9	200	0
2:Turn 	274744	0	0	0	0	45	45	45	590	9	200	0
2:Turn 	274945	0	0	0	0	45	45	45	590	9	200	0
2:Turn 	275146	0	0	0	0	45	45	45	590	9	200	0
2:Turn 	275348	0	0	0	0	45	45	45	590	9	200	0
2:Turn 	275549	0	0	0	0	45	45	45	590	9	200	0
2:Turn 	275750	0	0	0	0	45	45	45	590	9	200	0
2:Turn 	275952	0	0	0	0	45	45	45	590	9	200	0
2:Turn 	276154	0	0	0	0	45	45	45	590	9	200	0
2:Turn 	276355	0	0	0	0	45	45	45	590	9	200	0
2:Turn 	276556	0	0	0	0	45	45	45	590	9	200	0
2:Turn 	276758	0	0	0	0	45	45	45	590	9	200	0
2:Turn 	276959	0	0	0	0	45	45	45	590	9	200	0
2:Turn 	277160	0	0	0	0	45	45	45	590	9	200	0
2:Turn 	277362	0	0	0	0	45	45	45	590	9	200	0
2:Turn 	277563	0	0	0	0	45	45	45	590	9	200	0
2:Turn 	277765	0	0	0	0	45	45	45	590	9	200	0
2:Turn 	277966	0	0	0	0	45	45	45	590	9	200	0
2:Turn 	278167	0	0	0	0	45	45	45	590	9	200	0
2:Turn 	278369	0	0	0	0	45	45	45	590	9	200	0
2:Turn 	278571	0	0	0	0	45	45	45	590	9	200	0
2:Turn 	278771	0	0	0	0	45	45	45	590	9	200	0
2:Turn 	278973	0	0	0	0	45	45	45	590	9	200	0
2:Turn 	279175	0	0	0	0	45	45	45	590	9	200	0
2:Turn 	279375	0	0	0	0	45	45	45	590	9	200	0
2:Turn 	279577	0	0	0	0	45	45	45	590	9	200	0
2:Turn 	279779	0	0	0	0	45	45	45	590	9	200	0
2:Turn 	279980	0	0	0	0	45	45	45	590	9	200	0
2:Turn 	280181	0	0	0	0	45	45	45	590	9	200	0
2:Turn 	280383	0	0	0	0	45	45	45	590	9	200	0
2:Turn 	280584	0	0	0	0	45	45	45	590	9	200	0
2:Turn 	280785	0	0	0	0	45	45	45	590	9	200	0
2:Turn 	280987	0	0	0	0	45	45	45	590	9	200	0
2:Turn 	281188	0	0	0	0	45	45	45	590	9	200	0
2:Turn 	281390	0	0	0	0	45	45	45	590	9	200	0
2:Turn 	281591	0	0	0	0	45	45	45	590	9	200	0
2:Turn 	281792	0	0	0	0	45	45	45	590	9	200	0
2:Turn 	281994	0	0	0	0	45	45	45	590	9	200	0
2:Turn 	282195	0	0	0	0	45	45	45	590	9	200	0
2:Turn 	282396	0	0	0	0	45	45	45	590	9	200	0
2:Turn 	282598	0	0	0	0	45	45	45	590	9	200	0
2:Turn 	282800	0	0	0	0	45	45	45	590	9	200	0
2:Turn 	283000	0	0	0	0	45	45	45	590	9	200	0
2:Turn 	283202	0	0	0	0	45	45	45	590	9	200	0
2:Turn 	283404	0	0	0	0	45	45	45	590	9	200	0
2:Turn 	283604	0	0	0	0	45	45	45	590	9	200	0
2:Turn 	283806	0	0	0	0	45	45	45	590	9	200	0
2:Turn 	284008	0	0	0	0	45	45	45	590	9	200	0
2:Turn 	284210	0	0	0	0	45	45	45	590	9	200	0
2:Turn 	284410	0	0	0	0	45	45	45	590	9	200	0
2:Turn 	284612	0	0	0	0	45	45	45	590	9	200	0
2:Turn 	284814	0	0	0	0	45	45	45	590	9	200	0
2:Turn 	285015	0	0	0	0	45	45	45	590	9	200	0
2:Turn 	285216	0	0	0	0	45	45	45	590	9	200	0
2:Turn 	285418	0	0	0	0	45	45	45	590	9	200	0
2:Turn 	285619	0	0	0	0	45	45	45	590	9	200	0
2:Turn 	285820	0	0	0	0	45	45	45	590	9	200	0
2:Turn 	286022	0	0	0	0	45	45	45	590	9	200	0
2:Turn 	286223	0	0	0	0	45	45	45	590	9	200	0
2:Turn 	286425	0	0	0	0	45	45	45	590	9	200	0
2:Turn 	286626	0	0	0	0	45	45	45	590	9	200	0
2:Turn 	286827	0	0	0	0	45	45	45	590	9	200	0
2:Turn 	287029	0	0	0	0	45	45	45	590	9	200	0
2:Turn 	287230	0	0	0	0	45	45	45	590	9	200	0
2:Turn 	287431	0	0	0	0	45	45	45	590	9	200	0
2:Turn 	287633	0	0	0	0	45	45	45	590	9	200	0
2:Turn 	287835	0	0	0	0	45	45	45	590	9	200	0
2:Turn 	288035	0	0	0	0	45	45	45	590	9	200	0
2:Turn 	288237	0	0	0	0	45	45	45	590	9	200	0
2:Turn 	288439	0	0	0	0	45	45	45	590	9	200	0
2:Turn 	288640	0	0	0	0	45	45	45	590	9	200	0
2:Turn 	288841	0	0	0	0	45	45	45	590	9	200	0
2:Turn 	289043	0	0	0	0	45	45	45	590	9	200	0
2:Turn 	289244	0	0	0	0	45	45	45	590	9	200	0
2:Turn 	289445	0	0	0	0	45	45	45	590	9	200	0
2:Turn 	289647	0	0	0	0	45	45	45	590	9	200	0
2:Turn 	289848	0	0	0	0	45	45	45	590	9	200	0
2:Turn 	290050	0	0	0	0	45	45	45	590	9	200	0
2:Turn 	290251	0	0	0	0	45	45	45	590	9	200	0
2:Turn 	290452	0	0	0	0	45	45	45	590	9	200	0
2:Turn 	290654	0	0	0	0	45	45	45	590	9	200	0
2:Turn 	290855	0	0	0	0	45	45	45	590	9	200	0
2:Turn 	291056	0	0	0	0	45	45	45	590	9	200	0
2:Turn 	291258	0	0	0	0	45	45	45	590	9	200	0
2:Turn 	291460	0	0	0	0	45	45	45	590	9	200	0
2:Turn 	291660	0	0	0	0	45	45	45	590	9	200	0
2:Turn 	291862	0	0	0	0	45	45	45	590	9	200	0
2:Turn 	292064	0	0	0	0	45	45	45	590	9	200	0
2:Turn 	292265	0	0	0	0	45	45	45	590	9	200	0
2:Turn 	292466	0	0	0	0	45	45	45	590	9	200	0
2:Turn 	292668	0	0	0	0	45	45	45	590	9	200	0
2:Turn 	292870	0	0	0	0	45	45	45	590	9	200	0
2:Turn 	293070	0	0	0	0	45	45	45	590	9	200	0
2:Turn 	293272	0	0	0	0	45	45	45	590	9	200	0
2:Turn 	293474	0	0	0	0	45	45	45	590	9	200	0
2:Turn 	293675	0	0	0	0	45	45	45	590	9	200	0
2:Turn 	293876	0	0	0	0	45	45	45	590	9	200	0
2:Turn 	294078	0	0	0	0	45	45	45	590	9	200	0
2:Turn 	294279	0	0	0	0	45	45	45	590	9	200	0
2:Turn 	294480	0	0	0	0	45	45	45	590	9	200	0
2:Turn 	294682	0	0	0	0	45	45	45	590	9	200	0
2:Turn 	294883	0	0	0	0	45	45	45	590	9	200	0
2:Turn 	295085	0	0	0	0	45	45	45	590	9	200	0
2:Turn 	295286	0	0	0	0	45	45	45	590	9	200	0
2:Turn 	295487	0	0	0	0	45	45	45	590	9	200	0
2:Turn 	295689	0	0	0	0	45	45	45	590	9	200	0
2:Turn 	295890	0	0	0	0	45	45	45	590	9	200	0
2:Turn 	296091	0	0	0	0	45	45	45	590	9	200	0
2:Turn 	296293	0	0	0	0	45	45	45	590	9	200	0
2:Turn 	296495	0	0	0	0	45	45	45	590	9	200	0
2:Turn 	296695	0	0	0	0	45	45	45	590	9	200	0
2:Turn 	296897	0	0	0	0	45	45	45	590	9	200	0
2:Turn 	297099	0	0	0	0	45	45	45	590	9	200	0
2:Turn 	297299	0	0	0	0	45	45	45	590	9	200	0
2:Turn 	297501	0	0	0	0	45	45	45	590	9	200	0
2:Turn 	297703	0	0	0	0	45	45	45	590	9	200	0
2:Turn 	297904	0	0	0	0	45	45	45	590	9	200	0
2:Turn 	298105	0	0	0	0	45	45	45	590	9	200	0
2:Turn 	298307	0	0	0	0	45	45	45	590	9	200	0
2:Turn 	298508	0	0	0	0	45	45	45	590	9	200	0
2:Turn 	298710	0	0	0	0	45	45	45	590	9	200	0
2:Turn 	298911	0	0	0	0	45	45	45	590	9	200	0
2:Turn 	299112	0	0	0	0	45	45	45	590	9	200	0
2:Turn 	299314	0	0	0	0	45	45	45	590	9	200	0
2:Turn 	299515	0	0	0	0	45	45	45	590	9	200	0
2:Turn 	299717	0	0	0	0	45	45	45	590	9	200	0
2:Turn 	299918	0	0	0	0	45	45	45	590	9	200	0
2:Turn 	300120	0	0	0	0	45	45	45	590	9	200	0
2:Turn 	300321	0	0	0	0	45	45	45	590	9	200	0
2:Turn 	300522	0	0	0	0	45	45	45	590	9	200	0
2:Turn 	300722	3	0	0	0	45	45	45	590	9	200	0
2:Turn 	300922	6	0	0	0	45	45	45	590	9	200	0
2:Turn 	301122	9	0	0	0	45	45	45	590	9	200	0
2:Turn 	301322	12	0	0	0	45	45	45	590	9	200	0
2:Turn 	301522	16	0	0	0	45	45	45	590	9	200	0
2:Turn 	301731	19	0	0	0	45	45	45	590	9	200	0
2:Turn 	301931	22	0	0	0	45	45	45	590	9	200	0
2:Turn 	302131	26	0	0	0	45	45	45	590	9	200	0
2:Turn 	302331	29	0	0	0	45	45	45	590	9	200	0
2:Turn 	302531	32	0	0	0	45	45	45	590	9	200	4
2:Turn 	302731	35	0	0	0	45	45	45	590	9	200	7
2:Turn 	302931	38	0	0	0	45	45	45	590	9	200	10
2:Turn 	303131	42	0	0	0	45	45	45	590	9	200	13
2:Turn 	303331	45	0	0	0	45	45	45	590	9	200	16
2:Turn 	303531	48	0	0	0	45	45	45	590	9	200	19
2:Turn 	303731	51	0	0	0	45	45	45	590	9	200	23
2:Turn 	303931	54	0	0	0	45	45	45	590	9	200	26
2:Turn 	304131	58	0	0	0	45	45	45	590	9	200	29
2:Turn 	304331	61	0	0	0	45	45	45	590	9	200	33
2:Turn 	304531	64	0	0	0	45	45	45	590	9	200	35
2:Turn 	304731	67	0	0	0	45	45	45	590	9	200	39
2:Turn 	304931	70	0	0	0	45	45	45	590	9	200	42
2:Turn 	305131	73	0	0	0	45	45	45	590	9	200	45
2:Turn 	305331	77	0	0	0	45	45	45	590	9	200	49
2:Turn 	305531	80	0	0	0	45	45	45	590	9	200	51
2:Turn 	305740	83	0	0	0	45	45	45	590	9	200	55
2:Turn 	305940	86	0	0	0	45	45	45	590	9	200	58
2:Turn 	306140	90	0	0	0	45	45	45	590	9	200	62
2:Turn 	306340	93	0	0	0	45	45	45	590	9	200	64
2:Turn 	306540	96	0	0	0	45	45	45	590	9	200	68
2:Turn 	306740	99	0	0	0	45	45	45	590	9	200	71
2:Turn 	306940	100	0	0	0	45	45	45	590	9	200	72
2:Turn 	307140	100	0	0	0	45	45	45	590	9	200	72
2:Turn 	307340	100	0	0	0	45	45	45	590	9	200	72
2:Turn 	307540	100	0	0	0	45	45	45	590	9	200	72
2:Turn 	307740	100	0	0	0	45	45	45	590	9	200	72
2:Turn 	307940	100	0	0	0	45	45	45	590	9	200	72
2:Turn 	308140	100	0	0	0	45	45	45	590	9	200	72
2:Turn 	308340	100	0	0	0	45	45	45	590	9	200	72
2:Turn 	308540	100	0	0	0	45	45	45	590	9	200	72
2:Turn 	308740	100	0	0	0	45	45	45	590	9	200	72
2:Turn 	308955	100	0	0	0	45	45	45	590	9	200	72
2:Turn 	309156	100	0	0	0	45	45	45	590	9	200	72
2:Turn 	309358	100	0	0	0	45	45	45	590	9	200	72
2:Turn 	309560	100	0	0	0	45	45	45	590	9	200	72
2:Turn 	309761	100	0	0	0	45	45	45	590	9	200	72
2:Turn 	309962	100	0	0	0	45	45	45	590	9	200	72
2:Turn 	310164	100	0	0	0	45	45	45	590	9	200	72
2:Turn 	310366	100	0	0	0	45	45	45	590	9	200	72
2:Turn 	310567	100	0	0	0	45	45	45	590	9	200	72
2:Turn 	310769	100	0	0	0	45	45	45	590	9	200	72
2:Turn 	310971	100	0	0	0	45	45	45	590	9	200	72
2:Turn 	311173	100	0	0	0	45	45	45	590	9	200	72
2:Turn 	311373	100	0	0	0	45	45	45	590	9	200	72
2:Turn 	311575	100	0	0	0	45	45	45	590	9	200	72
2:Turn 	311777	100	0	0	0	45	45	45	590	9	200	72
2:Turn 	311979	100	0	0	0	45	45	45	590	9	200	72
2:Turn 	312180	100	0	0	0	45	45	45	590	9	200	72
2:Turn 	312382	100	0	0	0	45	45	45	590	9	200	72
2:Turn 	312584	100	0	0	0	45	45	45	590	9	200	72
2:Turn 	312785	100	0	0	0	45	45	45	590	9	200	72
2:Turn 	312986	100	0	0	0	45	45	45	590	9	200	72
2:Turn 	313188	100	0	0	0	45	45	45	590	9	200	72
2:Turn 	313390	100	0	0	0	45	45	45	590	9	200	72
2:Turn 	313591	100	0	0	0	45	45	45	590	9	200	72
2:Turn 	313793	100	0	0	0	45	45	45	590	9	200	72
2:Turn 	313995	100	0	0	0	45	45	45	590	9	200	72
2:Turn 	314196	100	0	0	0	45	45	45	590	9	200	72
2:Turn 	314398	100	0	0	0	45	45	45	590	9	200	72
2:Turn 	314599	100	0	0	0	45	45	45	590	9	200	72
2:Turn 	314801	100	0	0	0	45	45	45	590	9	200	72
2:Turn 	315002	100	0	0	0	45	45	45	590	9	200	72
2:Turn 	315204	100	0	0	0	45	45	45	590	9	200	72
2:Turn 	315406	100	0	0	0	45	45	45	590	9	200	72
2:Turn 	315608	100	0	0	0	45	45	45	590	9	200	72
2:Turn 	315809	100	0	0	0	45	45	45	590	9	200	72
2:Turn 	316011	100	0	0	0	45	45	45	590	9	200	72
2:Turn 	316213	100	0	0	0	45	45	45	590	9	200	72
2:Turn 	316413	100	0	0	0	45	45	45	590	9	200	72
2:Turn 	316615	100	0	0	0	45	45	45	590	9	200	72
2:Turn 	316817	100	0	0	0	45	45	45	590	9	200	72
2:Turn 	317019	100	0	0	0	45	45	45	590	9	200	72
2:Turn 	317220	100	0	0	0	45	45	45	590	9	200	72
2:Turn 	317422	100	0	0	0	45	45	45	590	9	200	72
2:Turn 	317624	100	0	0	0	45	45	45	590	9	200	72
2:Turn 	317826	100	0	0	0	45	45	45	590	9	200	72
2:Turn 	318026	100	0	0	0	45	45	45	590	9	200	72
2:Turn 	318228	100	0	0	0	45	45	45	590	9	200	72
2:Turn 	318430	100	0	0	0	45	45	45	590	9	200	72
2:Turn 	318631	100	0	0	0	45	45	45	590	9	200	72
2:Turn 	318833	100	0	0	0	45	45	45	590	9	200	72
2:Turn 	319035	100	0	0	0	45	45	45	590	9	200	72
2:Turn 	319237	100	0	0	0	45	45	45	590	9	200	72
2:Turn 	319438	100	0	0	0	45	45	45	590	9	200	72
2:Turn 	319639	100	0	0	0	45	45	45	590	9	200	72
2:Turn 	319841	100	0	0	0	45	45	45	590	9	200	72
2:Turn 	320043	100	0	0	0	45	45	45	590	9	200	72
2:Turn 	320244	100	0	0	0	45	45	45	590	9	200	72
2:Turn 	320446	100	0	0	0	45	45	45	590	9	200	72
2:Turn 	320648	100	0	0	0	45	45	45	590	9	200	72
2:Turn 	320849	100	0	0	0	45	45	45	590	9	200	72
2:Turn 	321051	100	0	0	0	45	45	45	590	9	200	72
2:Turn 	321252	100	0	0	0	45	45	45	590	9	200	72
2:Turn 	321454	100	0	0	0	45	45	45	590	9	200	72
2:Turn 	321655	100	0	0	0	45	45	45	590	9	200	72
2:Turn 	321857	100	0	0	0	45	45	45	590	9	200	72
2:Turn 	322059	100	0	0	0	45	45	45	590	9	200	72
2:Turn 	322260	100	0	0	0	45	45	45	590	9	200	72
2:Turn 	322462	100	0	0	0	45	45	45	590	9	200	72
2:Turn 	322664	100	0	0	0	45	45	45	590	9	200	72
2:Turn 	322865	100	0	0	0	45	45	45	590	9	200	72
2:Turn 	323066	100	0	0	0	45	45	45	590	9	200	72
2:Turn 	323268	100	0	0	0	45	45	45	590	9	200	72
2:Turn 	323470	100	0	0	0	45	45	45	590	9	200	72
2:Turn 	323672	100	0	0	0	45	45	45	590	9	200	72
2:Turn 	323873	100	0	0	0	45	45	45	590	9	200	72
2:Turn 	324075	100	0	0	0	45	45	45	590	9	200	72
2:Turn 	324277	100	0	0	0	45	45	45	590	9	200	72
2:Turn 	324477	100	0	0	0	45	45	45	590	9	200	72
2:Turn 	324679	100	0	0	0	45	45	45	590	9	200	72
2:Turn 	324881	100	0	0	0	45	45	45	590	9	200	72
2:Turn 	325083	100	0	0	0	45	45	45	590	9	200	72
2:Turn 	325284	100	0	0	0	45	45	45	590	9	200	72
2:Turn 	325486	100	0	0	0	45	45	45	590	9	200	72
2:Turn 	325688	100	0	0	0	45	45	45	590	9	200	72
2:Turn 	325890	100	0	0	0	45	45	45	590	9	200	72
2:Turn 	326090	100	0	0	0	45	45	45	590	9	200	72
2:Turn 	326292	100	0	0	0	45	45	45	590	9	200	72
2:Turn 	326494	100	0	0	0	45	45	45	590	9	200	72
2:Turn 	326695	100	0	0	0	45	45	45	590	9	200	72
2:Turn 	326897	100	0	0	0	45	45	45	590	9	200	72
2:Turn 	327099	100	0	0	0	45	45	45	590	9	200	72
2:Turn 	327301	100	0	0	0	45	45	45	590	9	200	72
2:Turn 	327502	100	0	0	0	45	45	45	590	9	200	72
2:Turn 	327703	100	0	0	0	45	45	45	590	9	200	72
2:Turn 	327905	100	0	0	0	45	45	45	590	9	200	72
2:Turn 	328107	100	0	0	0	45	45	45	590	9	200	72
2:Turn 	328308	100	0	0	0	45	45	45	590	9	200	72
2:Turn 	328510	100	0	0	0	45	45	45	590	9	200	72
2:Turn 	328712	100	0	0	0	45	45	45	590	9	200	72
2:Turn 	328913	100	0	0	0	45	45	45	590	9	200	72
2:Turn 	329115	100	0	0	0	45	45	45	590	9	200	72
2:Turn 	329316	100	0	0	0	45	45	45	590	9	200	72
2:Turn 	329518	100	0	0	0	45	45	45	590	9	200	72
2:Turn 	329719	100	0	0	0	45	45	45	590	9	200	72
2:Turn 	329921	100	0	0	0	45	45	45	590	9	200	72
2:Turn 	330123	100	0	0	0	45	45	45	590	9	200	72
2:Turn 	330324	100	0	0	0	45	45	45	590	9	200	72
2:Turn 	330526	100	0	0	0	45	45	45	590	9	200	72
2:Turn 	330728	100	0	0	0	45	45	45	590	9	200	72
2:Turn 	330929	100	0	0	0	45	45	45	590	9	200	72
2:Turn 	331130	100	0	0	0	45	45	45	590	9	200	72
2:Turn 	331332	100	0	0	0	45	45	45	590	9	200	72
2:Turn 	331534	100	0	0	0	45	45	45	590	9	200	72
2:Turn 	331736	100	0	0	0	45	45	45	590	9	200	72
2:Turn 	331937	100	0	0	0	45	45	45	590	9	200	72
2:Turn 	332139	100	0	0	0	45	45	45	590	9	200	72
2:Turn 	332341	100	0	0	0	45	45	45	590	9	200	72
2:Turn 	332541	100	0	0	0	45	45	45	590	9	200	72
2:Turn 	332743	100	0	0	0	45	45	45	590	9	200	72
2:Turn 	332945	100	0	0	0	45	45	45	590	9	200	72
2:Turn 	333147	100	0	0	0	45	45	45	590	9	200	72
2:Turn 	333348	100	0	0	0	45	45	45	590	9	200	72
2:Turn 	333550	100	0	0	0	45	45	45	590	9	200	72
2:Turn 	333752	100	0	0	0	45	45	45	590	9	200	72
2:Turn 	333954	100	0	0	0	45	45	45	590	9	200	72
2:Turn 	334154	100	0	0	0	45	45	45	590	9	200	72
2:Turn 	334356	100	0	0	0	45	45	45	590	9	200	72
2:Turn 	334558	100	0	0	0	45	45	45	590	9	200	72
2:Turn 	334759	100	0	0	0	45	45	45	590	9	200	72
2:Turn 	334961	100	0	0	0	45	45	45	590	9	200	72
2:Turn 	335163	100	0	0	0	45	45	45	590	9	200	72
2:Turn 	335365	100	0	0	0	45	45	45	590	9	200	72
2:Turn 	335566	100	0	0	0	45	45	45	590	9	200	72
2:Turn 	335767	100	0	0	0	45	45	45	590	9	200	72
2:Turn 	335969	100	0	0	0	45	45	45	590	9	200	72
2:Turn 	336171	100	0	0	0	45	45	45	590	9	200	72
2:Turn 	336372	100	0	0	0	45	45	45	590	9	200	72
2:Turn 	336574	100	0	0	0	45	45	45	590	9	200	72
2:Turn 	336776	100	0	0	0	45	45	45	590	9	200	72
2:Turn 	336977	100	0	0	0	45	45	45	590	9	200	72
2:Turn 	337179	100	0	0	0	45	45	45	590	9	200	72
2:Turn 	337380	100	0	0	0	45	45	45	590	9	200	72
2:Turn 	337582	100	0	0	0	45	45	45	590	9	200	72
2:Turn 	337783	100	0	0	0	45	45	45	590	9	200	72
2:Turn 	337985	100	0	0	0	45	45	45	590	9	200	72
2:Turn 	338187	100	0	0	0	45	45	45	590	9	200	72
2:Turn 	338388	100	0	0	0	45	45	45	590	9	200	72
2:Turn 	338590	100	0	0	0	45	45	45	590	9	200	72
2:Turn 	338792	100	0	0	0	45	45	45	590	9	200	72
2:Turn 	338993	100	0	0	0	45	45	45	590	9	200	72
2:Turn 	339194	100	0	0	0	45	45	45	590	9	200	72
2:Turn 	339396	100	0	0	0	45	45	45	590	9	200	72
2:Turn 	339598	100	0	0	0	45	45	45	590	9	200	72
2:Turn 	339800	100	0	0	0	45	45	45	590	9	200	72
2:Turn 	340001	100	0	0	0	45	45	45	590	9	200	72
2:Turn 	340203	100	0	0	0	45	45	45	590	9	200	72
2:Turn 	340405	100	0	0	0	45	45	45	590	9	200	72
2:Turn 	340605	100	0	0	0	45	45	45	590	9	200	72
2:Turn 	340807	100	0	0	0	45	45	45	590	9	200	72
2:Turn 	341009	100	0	0	0	45	45	45	590	9	200	72
2:Turn 	341211	100	0	0	0	45	45	45	590	9	200	72
2:Turn 	341412	100	0	0	0	45	45	45	590	9	200	72
2:Turn 	341614	100	0	0	0	45	45	45	590	9	200	72
2:Turn 	341816	100	0	0	0	45	45	45	590	9	200	72
2:Turn 	342018	100	0	0	0	45	45	45	590	9	200	72
2:Turn 	342218	100	0	0	0	45	45	45	590	9	200	72
2:Turn 	342420	100	0	0	0	45	45	45	590	9	200	72
2:Turn 	342622	100	0	0	0	45	45	45	590	9	200	72
2:Turn 	342823	100	0	0	0	45	45	45	590	9	200	72
2:Turn 	343025	100	0	0	0	45	45	45	590	9	200	72
2:Turn 	343227	100	0	0	0	45	45	45	590	9	200	72
2:Turn 	343429	100	0	0	0	45	45	45	590	9	200	72
2:Turn 	343630	100	0	0	0	45	45	45	590	9	200	72
2:Turn 	343831	100	0	0	0	45	45	45	590	9	200	72
2:Turn 	344033	100	0	0	0	45	45	45	590	9	200	72
2:Turn 	344235	100	0	0	0	45	45	45	590	9	200	72
2:Turn 	344436	100	0	0	0	45	45	45	590	9	200	72
2:Turn 	344638	100	0	0	0	45	45	45	590	9	200	72
2:Turn 	344840	100	0	0	0	45	45	45	590	9	200	72
2:Turn 	345041	100	0	0	0	45	45	45	590	9	200	72
2:Turn 	345243	100	0	0	0	45	45	45	590	9	200	72
2:Turn 	345444	100	0	0	0	45	45	45	590	9	200	72
2:Turn 	345646	100	0	0	0	45	45	45	590	9	200	72
2:Turn 	345847	100	0	0	0	45	45	45	590	9	200	72
2:Turn 	346049	100	0	0	0	45	45	45	590	9	200	72
2:Turn 	346251	100	0	0	0	45	45	45	590	9	200	72
2:Turn 	346452	100	0	0	0	45	45	45	590	9	200	72
2:Turn 	346654	100	0	0	0	45	45	45	590	9	200	72
2:Turn 	346856	100	0	0	0	45	45	45	590	9	200	72
2:Turn 	347057	100	0	0	0	45	45	45	590	9	200	72
2:Turn 	347258	100	0	0	0	45	45	45	590	9	200	72
2:Turn 	347460	100	0	0	0	45	45	45	590	9	200	72
2:Turn 	347662	100	0	0	0	45	45	45	590	9	200	72
2:Turn 	347864	100	0	0	0	45	45	45	590	9	200	72
2:Turn 	348065	100	0	0	0	45	45	45	590	9	200	72
2:Turn 	348267	100	0	0	0	45	45	45	590	9	200	72
2:Turn 	348469	100	0	0	0	45	45	45	590	9	200	72
2:Turn 	348669	100	0	0	0	45	45	45	590	9	200	72
2:Turn 	348871	100	0	0	0	45	45	45	590	9	200	72
2:Turn 	349073	100	0	0	0	45	45	45	590	9	200	72
2:Turn 	349275	100	0	0	0	45	45	45	590	9	200	72
2:Turn 	349476	100	0	0	0	45	45	45	590	9	200	72
2:Turn 	349678	100	0	0	0	45	45	45	590	9	200	72
2:Turn 	349880	100	0	0	0	45	45	45	590	9	200	72
2:Turn 	350082	100	0	0	0	45	45	45	590	9	200	72
2:Turn 	350282	100	0	0	0	45	45	45	590	9	200	72
2:Turn 	350484	100	0	0	0	45	45	45	590	9	200	72
2:Turn 	350686	100	0	0	0	45	45	45	590	9	200	72
2:Turn 	350887	100	0	0	0	45	45	45	590	9	200	72
2:Turn 	351089	100	0	0	0	45	45	45	590	9	200	72
2:Turn 	351291	100	0	0	0	45	45	45	590	9	200	72
2:Turn 	351493	100	0	0	0	45	45	45	590	9	200	72
2:Turn 	351694	100	0	0	0	45	45	45	590	9	200	72
2:Turn 	351895	100	0	0	0	45	45	45	590	9	200	72
2:Turn 	352097	100	0	0	0	45	45	45	590	9	200	72
2:Turn 	352299	100	0	0	0	45	45	45	590	9	200	72
2:Turn 	352500	100	0	0	0	45	45	45	590	9	200	72
2:Turn 	352702	100	0	0	0	45	45	45	590	9	200	72
2:Turn 	352904	100	0	0	0	45	45	45	590	9	200	72
2:Turn 	353105	100	0	0	0	45	45	45	590	9	200	72
2:Turn 	353307	100	0	0	0	45	45	45	590	9	200	72
2:Turn 	353508	100	0	0	0	45	45	45	590	9	200	72
2:Turn 	353710	100	0	0	0	45	45	45	590	9	200	72
2:Turn 	353911	100	0	0	0	45	45	45	590	9	200	72
2:Turn 	354113	100	0	0	0	45	45	45	590	9	200	72
2:Turn 	354315	100	0	0	0	45	45	45	590	9	200	72
2:Turn 	354516	100	0	0	0	45	45	45	590	9	200	72
2:Turn 	354718	100	0	0	0	45	45	45	590	9	200	72
2:Turn 	354920	100	0	0	0	45	45	45	590	9	200	72
2:Turn 	355121	100	0	0	0	45	45	45	590	9	200	72
2:Turn 	355322	100	0	0	0	45	45	45	590	9	200	72
2:Turn 	355524	100	0	0	0	45	45	45	590	9	200	72
2:Turn 	355726	100	0	0	0	45	45	45	590	9	200	72
2:Turn 	355928	100	0	0	0	45	45	45	590	9	200	72
2:Turn 	356129	100	0	0	0	45	45	45	590	9	200	72
2:Turn 	356331	100	0	0	0	45	45	45	590	9	200	72
2:Turn 	356533	100	0	0	0	45	45	45	590	9	200	72
2:Turn 	356733	100	0	0	0	45	45	45	590	9	200	72
2:Turn 	356935	100	0	0	0	45	45	45	590	9	200	72
2:Turn 	357137	100	0	0	0	45	45	45	590	9	200	72
2:Turn 	357339	100	0	0	0	45	45	45	590	9	200	72
2:Turn 	357540	100	0	0	0	45	45	45	590	9	200	72
2:Turn 	357742	100	0	0	0	45	45	45	590	9	200	72
2:Turn 	357944	100	0	0	0	45	45	45	590	9	200	72
2:Turn 	358146	100	0	0	0	45	45	45	590	9	200	72
2:Turn 	358346	100	0	0	0	45	45	45	590	9	200	72
2:Turn 	358548	100	0	0	0	45	45	45	590	9	200	72
2:Turn 	358750	100	0	0	0	45	45	45	590	9	200	72
2:Turn 	358951	100	0	0	0	45	45	45	590	9	200	72
2:Turn 	359153	100	0	0	0	45	45	45	590	9	200	72
2:Turn 	359355	100	0	0	0	45	45	45	590	9	200	72
2:Turn 	359557	100	0	0	0	45	45	45	590	9	200	72
2:Turn 	359758	100	0	0	0	45	45	45	590	9	200	72
2:Turn 	359959	100	0	0	0	45	45	45	590	9	200	72
2:Turn 	360161	100	0	0	0	45	45	45	590	9	200	72
2:Turn 	360363	100	0	0	0	45	45	45	590	9	200	72
2:Turn 	360564	100	0	0	0	45	45	45	590	9	200	72
2:Turn 	360766	100	0	0	0	45	45	45	590	9	200	72
2:Turn 	360968	100	0	0	0	45	45	45	590	9	200	72
2:Turn 	361169	100	0	0	0	45	45	45	590	9	200	72
2:Turn 	361371	100	0	0	0	45	45	45	590	9	200	72
2:Turn 	361572	100	0	0	0	45	45	45	590	9	200	72
2:Turn 	361774	100	0	0	0	45	45	45	590	9	200	72
2:Turn 	361975	100	0	0	0	45	45	45	590	9	200	72
2:Turn 	362177	100	0	0	0	45	45	45	590	9	200	72
2:Turn 	362379	100	0	0	0	45	45	45	590	9	200	72
2:Turn 	362580	100	0	0	0	45	45	45	590	9	200	72
2:Turn 	362782	100	0	0	0	45	45	45	590	9	200	72
2:Turn 	362984	100	0	0	0	45	45	45	590	9	200	72
2:Turn 	363185	100	0	0	0	45	45	45	590	9	200	72
2:Turn 	363386	100	0	0	0	45	45	45	590	9	200	72
2:Turn 	363588	100	0	0	0	45	45	45	590	9	200	72
2:Turn 	363790	100	0	0	0	45	45	45	590	9	200	72
2:Turn 	363992	100	0	0	0	45	45	45	590	9	200	72
2:Turn 	364193	100	0	0	0	45	45	45	590	9	200	72
2:Turn 	364395	100	0	0	0	45	45	45	590	9	200	72
2:Turn 	364597	100	0	0	0	45	45	45	590	9	200	72
2:Turn 	364797	100	0	0	0	45	45	45	590	9	200	72
2:Turn 	364999	100	0	0	0	45	45	45	590	9	200	72
2:Turn 	365201	100	0	0	0	45	45	45	590	9	200	72
2:Turn 	365403	100	0	0	0	45	45	45	590	9	200	72
2:Turn 	365604	100	0	0	0	45	45	45	590	9	200	72
2:Turn 	365806	100	0	0	0	45	45	45	590	9	200	72
2:Turn 	366008	100	0	0	0	45	45	45	590	9	200	72
2:Turn 	366210	100	0	0	0	45	45	45	590	9	200	72
2:Turn 	366410	100	0	0	0	45	45	45	590	9	200	72
2:Turn 	366612	100	0	0	0	45	45	45	590	9	200	72
2:Turn 	366814	100	0	0	0	45	45	45	590	9	200	72
2:Turn 	367015	100	0	0	0	45	45	45	590	9	200	72
2:Turn 	367217	100	0	0	0	45	45	45	590	9	200	72
2:Turn 	367419	100	0	0	0	45	45	45	590	9	200	72
2:Turn 	367621	100	0	0	0	45	45	45	590	9	200	72
2:Turn 	367822	100	0	0	0	45	45	45	590	9	200	72
2:Turn 	368023	100	0	0	0	45	45	45	590	9	200	72
2:Turn 	368225	100	0	0	0	45	45	45	590	9	200	72
2:Turn 	368427	100	0	0	0	45	45	45	590	9	200	72
2:Turn 	368628	100	0	0	0	45	45	45	590	9	200	72
2:Turn 	368830	100	0	0	0	45	45	45	590	9	200	72
2:Turn 	369032	100	0	0	0	45	45	45	590	9	200	72
2:Turn 	369233	100	0	0	0	45	45	45	590	9	200	72
2:Turn 	369435	100	0	0	0	45	45	45	590	9	200	72
2:Turn 	369636	100	0	0	0	45	45	45	590	9	200	72
2:Turn 	369838	100	0	0	0	45	45	45	590	9	200	72
2:Turn 	370039	100	0	0	0	45	45	45	590	9	200	72
2:Turn 	370241	100	0	0	0	45	45	45	590	9	200	72
2:Turn 	370443	100	0	0	0	45	45	45	590	9	200	72
2:Turn 	370644	100	0	0	0	45	45	45	590	9	200	72
2:Turn 	370846	100	0	0	0	45	45	45	590	9	200	72
2:Turn 	371048	100	0	0	0	45	45	45	590	9	200	72
2:Turn 	371249	100	0	0	0	45	45	45	590	9	200	72
2:Turn 	371450	100	0	0	0	45	45	45	590	9	200	72
2:Turn 	371652	100	0	0	0	45	45	45	590	9	200	72
2:Turn 	371854	100	0	0	0	45	45	45	590	9	200	72
2:Turn 	372056	100	0	0	0	45	45	45	590	9	200	72
2:Turn 	372257	100	0	0	0	45	45	45	590	9	200	72
2:Turn 	372459	100	0	0	0	45	45	45	590	9	200	72
2:Turn 	372661	100	0	0	0	45	45	45	590	9	200	72
2:Turn 	372861	100	0	0	0	45	45	45	590	9	200	72
2:Turn 	373063	100	0	0	0	45	45	45	590	9	200	72
2:Turn 	373265	100	0	0	0	45	45	45	590	9	200	72
2:Turn 	373467	100	0	0	0	45	45	45	590	9	200	72
2:Turn 	373668	100	0	0	0	45	45	45	590	9	200	72
2:Turn 	373870	100	0	0	0	45	45	45	590	9	200	72
2:Turn 	374072	100	0	0	0	45	45	45	590	9	200	72
2:Turn 	374274	100	0	0	0	45	45	45	590	9	200	72
2:Turn 	374474	100	0	0	0	45	45	45	590	9	200	72
2:Turn 	374676	100	0	0	0	45	45	45	590	9	200	72
2:Turn 	374878	100	0	0	0	45	45	45	590	9	200	72
2:Turn 	375079	100	0	0	0	45	45	45	590	9	200	72
2:Turn 	375281	100	0	0	0	45	45	45	590	9	200	72
2:Turn 	375483	100	0	0	0	45	45	45	590	9	200	72
2:Turn 	375685	100	0	0	0	45	45	45	590	9	200	72
2:Turn 	375886	100	0	0	0	45	45	45	590	9	200	72
2:Turn 	376087	100	0	0	0	45	45	45	590	9	200	72
2:Turn 	376289	100	0	0	0	45	45	45	590	9	200	72
2:Turn 	376491	100	0	0	0	45	45	45	590	9	200	72
2:Turn 	376692	100	0	0	0	45	45	45	590	9	200	72
2:Turn 	376894	100	0	0	0	45	45	45	590	9	200	72
2:Turn 	377096	100	0	0	0	45	45	45	590	9	200	72
2:Turn 	377297	100	0	0	0	45	45	45	590	9	200	72
2:Turn 	377499	100	0	0	0	45	45	45	590	9	200	72
2:Turn 	377700	100	0	0	0	45	45	45	590	9	200	72
2:Turn 	377902	100	0	0	0	45	45	45	590	9	200	72
2:Turn 	378103	100	0	0	0	45	45	45	590	9	200	72
2:Turn 	378305	100	0	0	0	45	45	45	590	9	200	72
2:Turn 	378507	100	0	0	0	45	45	45	590	9	200	72
2:Turn 	378708	100	0	0	0	45	45	45	590	9	200	72
2:Turn 	378910	100	0	0	0	45	45	45	590	9	200	72
2:Turn 	379112	100	0	0	0	45	45	45	590	9	200	72
2:Turn 	379313	100	0	0	0	45	45	45	590	9	200	72
2:Turn 	379514	100	0	0	0	45	45	45	590	9	200	72
2:Turn 	379716	100	0	0	0	45	45	45	590	9	200	72
2:Turn 	379918	100	0	0	0	45	45	45	590	9	200	72
2:Turn 	380120	100	0	0	0	45	45	45	590	9	200	72
2:Turn 	380321	100	0	0	0	45	45	45	590	9	200	72
2:Turn 	380523	100	0	0	0	45	45	45	590	9	200	72
2:Turn 	380725	100	0	0	0	45	45	45	590	9	200	72
2:Turn 	380926	100	0	0	0	45	45	45	590	9	200	72
2:Turn 	381127	100	0	0	0	45	45	45	590	9	200	72
2:Turn 	381329	100	0	0	0	45	45	45	590	9	200	72
2:Turn 	381531	100	0	0	0	45	45	45	590	9	200	72
2:Turn 	381732	100	0	0	0	45	45	45	590	9	200	72
2:Turn 	381934	100	0	0	0	45	45	45	590	9	200	72
2:Turn 	382136	100	0	0	0	45	45	45	590	9	200	72
2:Turn 	382338	100	0	0	0	45	45	45	590	9	200	72
2:Turn 	382538	100	0	0	0	45	45	45	590	9	200	72
2:Turn 	382740	100	0	0	0	45	45	45	590	9	200	72
2:Turn 	382942	100	0	0	0	45	45	45	590	9	200	72
2:Turn 	383143	100	0	0	0	45	45	45	590	9	200	72
2:Turn 	383345	100	0	0	0	45	45	45	590	9	200	72
2:Turn 	383547	100	0	0	0	45	45	45	590	9	200	72
2:Turn 	383749	100	0	0	0	45	45	45	590	9	200	72
2:Turn 	383950	100	0	0	0	45	45	45	590	9	200	72
2:Turn 	384152	100	0	0	0	45	45	45	590	9	200	72
2:Turn 	384353	100	0	0	0	45	45	45	590	9	200	72
2:Turn 	384555	100	0	0	0	45	45	45	590	9	200	72
2:Turn 	384756	100	0	0	0	45	45	45	590	9	200	72
2:Turn 	384958	100	0	0	0	45	45	45	590	9	200	72
2:Turn 	385160	100	0	0	0	45	45	45	590	9	200	72
2:Turn 	385361	100	0	0	0	45	45	45	590	9	200	72
2:Turn 	385563	100	0	0	0	45	45	45	590	9	200	72
2:Turn 	385765	100	0	0	0	45	45	45	590	9	200	72
2:Turn 	385966	100	0	0	0	45	45	45	590	9	200	72
2:Turn 	386167	100	0	0	0	45	45	45	590	9	200	72
2:Turn 	386369	100	0	0	0	45	45	45	590	9	200	72
2:Turn 	386571	100	0	0	0	45	45	45	590	9	200	72
2:Turn 	386772	100	0	0	0	45	45	45	590	9	200	72
