Fri Jul 17 09:06:39 2015
It's time to go fishing with the Dailys!!
Setting up CAN0...
CAN0 init ok!!
K = 	4
I = 	0
D = 	0
BitShift K = 	2
BitShift I = 	7
BitShift D = 	4
#:Mode	Millis	Speed	Lat	Long	Head	Final	Goal	Diff	Sum	Drift	Left	Right
1:Man. 	7356	0	0	0	298	0	298	0	0	0	100	100
1:Man. 	7557	0	0	0	297	0	298	1	1	0	101	99
1:Man. 	7759	0	0	0	297	0	298	0	2	0	100	100
1:Man. 	7960	0	0	0	297	0	298	1	6	0	101	99
1:Man. 	8162	0	0	0	297	0	298	1	10	0	101	99
1:Man. 	8365	0	0	0	297	0	298	1	14	0	101	99
1:Man. 	8581	0	0	0	297	0	298	1	17	0	101	99
1:Man. 	8781	0	0	0	297	0	298	1	22	0	101	99
1:Man. 	8982	0	0	0	296	0	298	2	28	0	102	98
1:Man. 	9183	0	0	0	296	0	298	2	36	0	102	98
1:Man. 	9383	0	0	0	295	0	298	3	47	0	103	97
1:Man. 	9584	0	0	0	295	0	298	3	56	0	103	97
1:Man. 	9784	1	0	0	295	0	298	2	67	0	102	98
1:Man. 	9984	5	0	0	295	0	298	2	78	0	106	102
1:Man. 	10184	8	0	0	295	0	298	3	90	0	111	105
1:Man. 	10384	12	0	0	294	0	298	4	100	0	115	107
1:Man. 	10584	16	0	0	293	0	298	4	116	0	119	111
1:Man. 	10784	20	0	0	293	0	298	5	135	1	125	115
1:Man. 	10984	24	0	0	293	0	298	5	154	1	128	118
1:Man. 	11184	28	0	0	293	0	298	5	173	1	133	123
1:Man. 	11384	32	0	0	293	0	298	5	191	1	137	127
1:Man. 	11584	35	0	0	293	0	298	5	205	1	140	130
1:Man. 	11784	39	0	0	294	0	298	4	223	1	143	135
1:Man. 	11984	43	0	0	293	0	298	5	243	1	148	138
1:Man. 	12184	47	0	0	292	0	298	6	267	2	153	141
1:Man. 	12384	51	0	0	292	0	298	6	291	2	157	145
1:Man. 	12584	55	0	0	292	0	298	6	316	2	161	149
1:Man. 	12784	58	0	0	292	0	298	6	334	2	164	152
1:Man. 	12984	62	0	0	292	0	298	6	358	2	168	156
1:Man. 	13186	65	0	0	292	0	298	6	382	2	171	159
1:Man. 	13386	65	0	0	292	0	298	6	406	3	171	159
1:Man. 	13587	65	0	0	291	0	298	7	427	3	172	158
1:Man. 	13787	62	0	0	291	0	298	7	455	3	169	155
1:Man. 	13987	59	0	0	291	0	298	6	475	3	166	154
1:Man. 	14187	56	0	0	291	0	298	7	502	3	163	149
1:Man. 	14389	56	0	0	291	0	298	7	529	4	163	149
1:Man. 	14589	56	0	0	291	0	298	7	558	4	163	149
1:Man. 	14790	56	0	0	291	0	298	7	588	4	163	149
1:Man. 	14992	53	0	0	291	0	298	7	609	4	160	146
1:Man. 	15192	53	0	0	291	0	298	7	638	4	160	146
1:Man. 	15394	53	0	0	291	0	298	7	667	5	160	146
1:Man. 	15594	0	0	0	291	4	291	7	0	0	160	146
1:Man. 	15796	0	0	0	290	4	291	7	0	0	160	146
1:Man. 	15997	0	0	0	292	4	291	7	0	0	160	146
1:Man. 	16197	0	0	0	291	4	291	7	0	0	160	146
1:Man. 	16397	0	0	0	291	4	291	0	0	0	100	100
1:Man. 	16599	0	0	0	291	4	291	0	1	0	100	100
1:Man. 	16801	0	0	0	292	4	291	-1	-2	-1	99	101
1:Man. 	17002	0	0	0	292	4	291	-1	-5	-1	99	101
1:Man. 	17202	0	0	0	292	4	291	-1	-9	-1	99	101
1:Man. 	17404	0	0	0	292	4	291	-1	-14	-1	99	101
1:Man. 	17605	0	0	0	293	4	291	-2	-19	-1	98	102
1:Man. 	17806	0	0	0	293	4	291	-1	-23	-1	99	101
1:Man. 	18007	0	0	0	294	4	291	-3	-32	-1	97	103
1:Man. 	18208	0	0	0	293	4	291	-2	-38	-1	98	102
1:Man. 	18410	0	0	0	294	4	291	-3	-47	-1	97	103
1:Man. 	18610	0	0	0	294	4	291	-3	-56	-1	97	103
1:Man. 	18810	0	0	0	294	4	291	-3	-68	-1	97	103
1:Man. 	19010	4	0	0	294	4	291	-3	-80	-1	101	107
1:Man. 	19210	8	0	0	294	4	291	-3	-92	-1	105	111
1:Man. 	19410	12	0	0	294	4	291	-3	-103	-1	108	114
1:Man. 	19610	15	0	0	294	4	291	-3	-112	-1	112	118
1:Man. 	19810	19	0	0	294	4	291	-3	-124	-1	116	122
1:Man. 	20011	23	0	0	294	4	291	-3	-136	-2	119	125
1:Man. 	20213	26	0	0	294	4	291	-3	-148	-2	123	129
1:Man. 	20415	26	0	0	294	4	291	-3	-157	-2	123	129
1:Man. 	20616	26	0	0	294	4	291	-3	-169	-2	123	129
1:Man. 	20816	29	0	0	294	4	291	-3	-182	-2	126	132
1:Man. 	21016	32	0	0	295	4	291	-4	-197	-2	128	136
1:Man. 	21217	32	0	0	294	4	291	-3	-212	-2	129	135
1:Man. 	21417	34	0	0	294	4	291	-3	-224	-2	131	137
1:Man. 	21617	38	0	0	294	4	291	-3	-236	-2	135	141
1:Man. 	21818	38	0	0	294	4	291	-3	-245	-2	135	141
1:Man. 	22027	40	0	0	294	4	291	-3	-257	-3	137	143
1:Man. 	22227	43	0	0	294	4	291	-3	-269	-3	140	146
1:Man. 	22430	43	0	0	294	4	291	-3	-281	-3	140	146
1:Man. 	22630	47	0	0	294	4	291	-3	-294	-3	144	150
1:Man. 	22830	51	0	0	294	4	291	-3	-306	-3	148	154
1:Man. 	23047	52	0	0	294	4	291	-3	-315	-3	149	155
1:Man. 	23250	52	0	0	294	4	291	-3	-327	-3	149	155
1:Man. 	23465	52	0	0	293	4	291	-2	-338	-3	150	154
1:Man. 	23667	52	0	0	293	4	291	-2	-348	-3	150	154
1:Man. 	23868	52	0	0	292	4	291	-1	-355	-3	151	153
1:Man. 	24069	52	0	0	292	4	291	-1	-359	-3	151	153
1:Man. 	24270	52	0	0	292	4	291	-1	-363	-3	151	153
1:Man. 	24470	52	0	0	292	4	291	-1	-367	-3	151	153
1:Man. 	24672	52	0	0	293	4	291	-2	-373	-3	150	154
1:Man. 	24883	52	0	0	293	4	291	-1	-378	-3	151	153
1:Man. 	25084	52	0	0	292	4	291	-2	-385	-4	150	154
1:Man. 	25285	52	0	0	291	4	291	0	-387	-4	152	152
1:Man. 	25485	52	0	0	290	4	291	1	-386	-4	153	151
1:Man. 	25686	52	0	0	291	4	291	0	-386	-4	152	152
1:Man. 	25887	52	0	0	291	4	291	0	-386	-4	152	152
1:Man. 	26089	52	0	0	291	4	291	1	-384	-3	153	151
1:Man. 	26306	52	0	0	290	4	291	1	-381	-3	153	151
1:Man. 	26506	52	0	0	290	4	291	1	-377	-3	153	151
1:Man. 	26706	52	0	0	290	4	291	1	-372	-3	153	151
1:Man. 	26908	52	0	0	290	4	291	1	-368	-3	153	151
1:Man. 	27110	52	0	0	290	4	291	1	-364	-3	153	151
1:Man. 	27310	52	0	0	290	4	291	2	-358	-3	154	150
1:Man. 	27511	52	0	0	288	4	291	3	-350	-3	155	149
1:Man. 	27712	52	0	0	289	4	291	2	-343	-3	154	150
1:Man. 	27913	52	0	0	288	4	291	2	-335	-3	154	150
1:Man. 	28114	52	0	0	288	4	291	2	-325	-3	154	150
1:Man. 	28316	52	0	0	288	4	291	3	-312	-3	155	149
1:Man. 	28517	52	0	0	288	4	291	3	-303	-3	155	149
1:Man. 	28719	52	0	0	287	4	291	4	-289	-3	156	148
1:Man. 	28920	52	0	0	288	4	291	3	-276	-3	155	149
1:Man. 	29121	52	0	0	287	4	291	4	-263	-3	156	148
1:Man. 	29322	52	0	0	287	4	291	4	-252	-2	156	148
1:Man. 	29523	52	0	0	287	4	291	4	-236	-2	156	148
1:Man. 	29724	52	0	0	287	4	291	4	-217	-2	156	148
1:Man. 	29924	52	0	0	287	4	291	4	-204	-2	156	148
1:Man. 	30126	52	0	0	286	4	291	5	-187	-2	157	147
1:Man. 	30326	52	0	0	286	4	291	5	-170	-2	157	147
1:Man. 	30528	52	0	0	286	4	291	4	-158	-2	156	148
1:Man. 	30728	52	0	0	287	4	291	4	-139	-2	156	148
1:Man. 	30928	52	0	0	286	4	291	5	-120	-1	157	147
1:Man. 	31129	52	0	0	286	4	291	5	-100	-1	157	147
1:Man. 	31331	52	0	0	286	4	291	5	-85	-1	157	147
1:Man. 	31532	52	0	0	286	4	291	5	-65	-1	157	147
1:Man. 	31732	52	0	0	286	4	291	5	-45	-1	157	147
1:Man. 	31932	52	0	0	286	4	291	6	-29	-1	158	146
1:Man. 	32133	52	0	0	286	4	291	5	-8	-1	157	147
1:Man. 	32335	52	0	0	285	4	291	6	13	0	158	146
1:Man. 	32535	52	0	0	285	4	291	6	34	0	158	146
1:Man. 	32735	52	0	0	285	4	291	6	52	0	158	146
1:Man. 	32939	52	0	0	285	4	291	6	76	0	158	146
1:Man. 	33139	52	0	0	285	4	291	6	100	0	158	146
1:Man. 	33340	52	0	0	285	4	291	6	124	0	158	146
1:Man. 	33546	52	0	0	284	4	291	7	143	1	159	145
1:Man. 	33746	52	0	0	285	4	291	6	167	1	158	146
1:Man. 	33948	52	0	0	285	4	291	6	191	1	158	146
1:Man. 	34149	52	0	0	285	4	291	6	215	1	158	146
1:Man. 	34349	52	0	0	284	4	291	6	235	1	158	146
1:Man. 	34550	52	0	0	285	4	291	6	262	2	158	146
1:Man. 	34752	52	0	0	285	4	291	6	288	2	158	146
1:Man. 	34966	52	0	0	285	4	291	6	312	2	158	146
1:Man. 	35167	52	0	0	285	4	291	6	338	2	158	146
1:Man. 	35369	52	0	0	285	4	291	6	356	2	158	146
1:Man. 	35571	52	0	0	285	4	291	6	380	2	158	146
1:Man. 	35773	52	0	0	285	4	291	6	405	3	158	146
1:Man. 	35974	52	0	0	284	4	291	6	430	3	158	146
1:Man. 	36175	52	0	0	285	4	291	6	456	3	158	146
1:Man. 	36376	52	0	0	285	4	291	6	475	3	158	146
1:Man. 	36579	52	0	0	285	4	291	6	499	3	158	146
1:Man. 	36780	52	0	0	285	4	291	6	524	4	158	146
1:Man. 	36980	52	0	0	285	4	291	6	542	4	158	146
1:Man. 	37182	52	0	0	285	4	291	6	566	4	158	146
1:Man. 	37383	52	0	0	285	4	291	6	590	4	158	146
1:Man. 	37586	52	0	0	285	4	291	6	614	4	158	146
1:Man. 	37786	52	0	0	285	4	291	6	632	4	158	146
1:Man. 	37987	52	0	0	285	4	291	6	655	5	158	146
1:Man. 	38188	52	0	0	285	4	291	6	681	5	158	146
1:Man. 	38390	52	0	0	285	4	291	6	701	5	158	146
1:Man. 	38590	52	0	0	286	4	291	6	730	5	158	146
1:Man. 	38791	52	0	0	286	4	291	6	757	5	158	146
1:Man. 	38991	52	0	0	285	4	291	6	778	6	158	146
1:Man. 	39192	52	0	0	285	4	291	6	808	6	158	146
1:Man. 	39394	52	0	0	286	4	291	5	838	6	157	147
1:Man. 	39597	52	0	0	286	4	291	5	865	6	157	147
1:Man. 	39797	52	0	0	286	4	291	5	885	6	157	147
1:Man. 	39998	52	0	0	286	4	291	6	918	7	158	146
1:Man. 	40199	52	0	0	286	4	291	5	950	7	157	147
1:Man. 	40399	52	0	0	285	4	291	6	978	7	158	146
1:Man. 	40601	52	0	0	286	4	291	5	1012	7	157	147
1:Man. 	40803	52	0	0	286	4	291	5	1044	8	157	147
1:Man. 	41004	52	0	0	286	4	291	5	1067	8	157	147
1:Man. 	41204	52	0	0	286	4	291	5	1099	8	157	147
1:Man. 	41406	52	0	0	286	4	291	5	1131	8	157	147
1:Man. 	41606	52	0	0	286	4	291	5	1163	9	157	147
1:Man. 	41809	52	0	0	286	4	291	5	1187	9	157	147
1:Man. 	42010	52	0	0	286	4	291	5	1219	9	157	147
1:Man. 	42212	52	0	0	286	4	291	5	1251	9	157	147
1:Man. 	42430	52	0	0	286	4	291	5	1275	9	157	147
1:Man. 	42631	52	0	0	287	4	291	4	1309	10	156	148
1:Man. 	42831	52	0	0	286	4	291	5	1343	10	157	147
1:Man. 	43033	52	0	0	286	4	291	5	1375	10	157	147
1:Man. 	43234	52	0	0	287	4	291	4	1406	10	156	148
1:Man. 	43435	52	0	0	287	4	291	5	1430	11	157	147
1:Man. 	43636	52	0	0	286	4	291	5	1462	11	157	147
1:Man. 	43837	52	0	0	286	4	291	5	1494	11	157	147
1:Man. 	44039	52	0	0	286	4	291	5	1527	11	157	147
1:Man. 	44239	52	0	0	287	4	291	5	1551	12	157	147
1:Man. 	44441	52	0	0	287	4	291	4	1579	12	156	148
1:Man. 	44641	52	0	0	287	4	291	4	1601	12	156	148
1:Man. 	44843	52	0	0	287	4	291	4	1629	12	156	148
1:Man. 	45044	52	0	0	287	4	291	4	1656	12	156	148
1:Man. 	45245	52	0	0	287	4	291	4	1682	13	156	148
1:Man. 	45447	52	0	0	286	4	291	5	1706	13	157	147
1:Man. 	45664	52	0	0	286	4	291	5	1723	13	157	147
1:Man. 	45885	52	0	0	287	4	291	4	1746	13	156	148
1:Man. 	46085	52	0	0	287	4	291	4	1766	13	156	148
1:Man. 	46285	52	0	0	288	4	291	3	1787	13	155	149
1:Man. 	46486	52	0	0	287	4	291	4	1804	14	156	148
1:Man. 	46687	52	0	0	287	4	291	4	1827	14	156	148
1:Man. 	46887	52	0	0	287	4	291	4	1846	14	156	148
1:Man. 	47088	52	0	0	286	4	291	5	1864	14	157	147
1:Man. 	47294	52	0	0	287	4	291	4	1878	14	156	148
1:Man. 	47496	52	0	0	287	4	291	4	1894	14	156	148
1:Man. 	47696	52	0	0	288	4	291	3	1907	14	155	149
1:Man. 	47898	52	0	0	287	4	291	4	1917	14	156	148
1:Man. 	48098	52	0	0	287	4	291	4	1926	15	156	148
1:Man. 	48299	52	0	0	287	4	291	4	1937	15	156	148
1:Man. 	48499	52	0	0	287	4	291	5	1948	15	157	147
1:Man. 	48700	52	0	0	287	4	291	5	1961	15	157	147
1:Man. 	48901	52	0	0	287	4	291	4	1972	15	156	148
1:Man. 	49101	52	0	0	287	4	291	4	1980	15	156	148
1:Man. 	49308	52	0	0	287	4	291	4	1982	15	156	148
1:Man. 	49510	52	0	0	287	4	291	4	1990	15	156	148
1:Man. 	49711	52	0	0	287	4	291	4	1997	15	156	148
1:Man. 	49912	52	0	0	287	4	291	4	2004	15	156	148
1:Man. 	50112	52	0	0	286	4	291	5	2009	15	157	147
1:Man. 	50313	52	0	0	287	4	291	3	2012	15	155	149
1:Man. 	50513	52	0	0	288	4	291	3	2012	15	155	149
1:Man. 	50714	52	0	0	287	4	291	4	2013	15	156	148
1:Man. 	50916	52	0	0	286	4	291	4	2015	15	156	148
1:Man. 	51117	52	0	0	286	4	291	5	2018	15	157	147
1:Man. 	51323	52	0	0	286	4	291	5	2019	15	157	147
1:Man. 	51525	52	0	0	287	4	291	4	2019	15	156	148
1:Man. 	51726	52	0	0	287	4	291	4	2020	15	156	148
1:Man. 	51927	52	0	0	287	4	291	4	2018	15	156	148
1:Man. 	52127	52	0	0	287	4	291	5	2019	15	157	147
1:Man. 	52328	52	0	0	287	4	291	4	2017	15	156	148
1:Man. 	52530	52	0	0	287	4	291	4	2016	15	156	148
1:Man. 	52730	52	0	0	287	4	291	4	2012	15	156	148
1:Man. 	52931	52	0	0	287	4	291	4	2009	15	156	148
1:Man. 	53132	52	0	0	287	4	291	4	2005	15	156	148
1:Man. 	53346	52	0	0	287	4	291	4	2001	15	156	148
1:Man. 	53548	52	0	0	287	4	291	4	1999	15	156	148
1:Man. 	53749	52	0	0	287	4	291	4	1995	15	156	148
1:Man. 	53950	52	0	0	287	4	291	4	1990	15	156	148
1:Man. 	54150	52	0	0	287	4	291	4	1987	15	156	148
1:Man. 	54351	52	0	0	287	4	291	4	1979	15	156	148
1:Man. 	54553	52	0	0	287	4	291	4	1969	15	156	148
1:Man. 	54753	52	0	0	287	4	291	4	1964	15	156	148
1:Man. 	54953	52	0	0	286	4	291	5	1956	15	157	147
1:Man. 	55154	52	0	0	288	4	291	4	1947	15	156	148
1:Man. 	55354	52	0	0	287	4	291	4	1939	15	156	148
1:Man. 	55555	52	0	0	288	4	291	3	1928	15	155	149
1:Man. 	55756	52	0	0	288	4	291	3	1916	14	155	149
1:Man. 	55956	52	0	0	287	4	291	4	1908	14	156	148
1:Man. 	56157	52	0	0	287	4	291	4	1897	14	156	148
1:Man. 	56357	52	0	0	287	4	291	4	1887	14	156	148
1:Man. 	56557	52	0	0	288	4	291	4	1881	14	156	148
1:Man. 	56760	52	0	0	288	4	291	3	1867	14	155	149
1:Man. 	56961	52	0	0	288	4	291	3	1855	14	155	149
1:Man. 	57161	52	0	0	288	4	291	3	1843	14	155	149
1:Man. 	57362	52	0	0	288	4	291	3	1834	14	155	149
1:Man. 	57563	52	0	0	288	4	291	3	1821	14	155	149
1:Man. 	57764	52	0	0	288	4	291	3	1806	14	155	149
1:Man. 	57965	52	0	0	288	4	291	3	1797	14	155	149
1:Man. 	58166	52	0	0	288	4	291	3	1786	13	155	149
1:Man. 	58366	52	0	0	288	4	291	3	1774	13	155	149
1:Man. 	58567	52	0	0	288	4	291	3	1765	13	155	149
1:Man. 	58768	52	0	0	288	4	291	3	1753	13	155	149
1:Man. 	58969	52	0	0	288	4	291	3	1741	13	155	149
1:Man. 	59169	52	0	0	288	4	291	3	1729	13	155	149
1:Man. 	59370	52	0	0	288	4	291	3	1720	13	155	149
1:Man. 	59571	52	0	0	288	4	291	3	1707	13	155	149
1:Man. 	59771	52	0	0	288	4	291	3	1695	13	155	149
1:Man. 	59971	52	0	0	288	4	291	3	1686	13	155	149
1:Man. 	60172	52	0	0	288	4	291	2	1671	13	154	150
1:Man. 	60372	52	0	0	288	4	291	3	1658	12	155	149
1:Man. 	60572	52	0	0	288	4	291	3	1648	12	155	149
1:Man. 	60773	52	0	0	288	4	291	3	1634	12	155	149
1:Man. 	60974	52	0	0	288	4	291	3	1621	12	155	149
1:Man. 	61174	52	0	0	288	4	291	3	1612	12	155	149
1:Man. 	61375	52	0	0	288	4	291	3	1606	12	155	149
1:Man. 	61576	52	0	0	288	4	291	3	1599	12	155	149
1:Man. 	61778	52	0	0	289	4	291	2	1587	12	154	150
1:Man. 	61978	52	0	0	288	4	291	3	1577	12	155	149
1:Man. 	62179	52	0	0	289	4	291	2	1560	12	154	150
1:Man. 	62380	52	0	0	289	4	291	2	1547	12	154	150
1:Man. 	62580	52	0	0	289	4	291	2	1538	12	154	150
1:Man. 	62782	52	0	0	289	4	291	2	1526	11	154	150
1:Man. 	62984	52	0	0	288	4	291	3	1518	11	155	149
1:Man. 	63185	52	0	0	288	4	291	3	1508	11	155	149
1:Man. 	63386	52	0	0	289	4	291	2	1497	11	154	150
1:Man. 	63588	52	0	0	289	4	291	2	1488	11	154	150
1:Man. 	63789	52	0	0	289	4	291	2	1476	11	154	150
1:Man. 	64007	52	0	0	290	4	291	1	1464	11	153	151
1:Man. 	64207	52	0	0	289	4	291	2	1453	11	154	150
1:Man. 	64407	52	0	0	288	4	291	2	1445	11	154	150
1:Man. 	64610	52	0	0	289	4	291	2	1434	11	154	150
1:Man. 	64811	52	0	0	289	4	291	2	1422	11	154	150
1:Man. 	65011	52	0	0	289	4	291	2	1411	11	154	150
1:Man. 	65213	52	0	0	289	4	291	2	1403	10	154	150
1:Man. 	65414	52	0	0	289	4	291	2	1389	10	154	150
1:Man. 	65615	52	0	0	289	4	291	2	1377	10	154	150
1:Man. 	65816	52	0	0	289	4	291	2	1368	10	154	150
1:Man. 	66018	52	0	0	290	4	291	1	1355	10	153	151
1:Man. 	66220	52	0	0	290	4	291	1	1342	10	153	151
1:Man. 	66420	52	0	0	289	4	291	2	1334	10	154	150
1:Man. 	66622	52	0	0	288	4	291	2	1325	10	154	150
1:Man. 	66823	52	0	0	290	4	291	1	1317	10	153	151
1:Man. 	67023	52	0	0	290	4	291	1	1310	10	153	151
1:Man. 	67224	52	0	0	290	4	291	1	1299	10	153	151
1:Man. 	67425	52	0	0	290	4	291	1	1284	10	153	151
1:Man. 	67627	52	0	0	290	4	291	1	1274	9	153	151
1:Man. 	67830	52	0	0	289	4	291	2	1263	9	154	150
1:Man. 	68030	52	0	0	289	4	291	2	1256	9	154	150
1:Man. 	68232	52	0	0	289	4	291	2	1246	9	154	150
1:Man. 	68432	52	0	0	290	4	291	1	1238	9	153	151
1:Man. 	68635	52	0	0	291	4	291	1	1226	9	153	151
1:Man. 	68837	52	0	0	290	4	291	1	1209	9	153	151
1:Man. 	69037	52	0	0	289	4	291	2	1198	9	154	150
1:Man. 	69244	52	0	0	289	4	291	2	1191	9	154	150
1:Man. 	69445	52	0	0	289	4	291	2	1185	9	154	150
1:Man. 	69645	52	0	0	289	4	291	2	1179	9	154	150
1:Man. 	69846	52	0	0	290	4	291	1	1168	9	153	151
1:Man. 	70048	52	0	0	290	4	291	1	1155	9	153	151
1:Man. 	70250	52	0	0	290	4	291	1	1145	8	153	151
1:Man. 	70451	52	0	0	290	4	291	1	1131	8	153	151
1:Man. 	70652	52	0	0	290	4	291	1	1119	8	153	151
1:Man. 	70852	52	0	0	290	4	291	1	1112	8	153	151
1:Man. 	71054	52	0	0	289	4	291	2	1103	8	154	150
1:Man. 	71256	52	0	0	290	4	291	1	1092	8	153	151
1:Man. 	71456	52	0	0	291	4	291	0	1077	8	152	152
1:Man. 	71656	52	0	0	290	4	291	1	1067	8	153	151
1:Man. 	71868	52	0	0	291	4	291	1	1050	8	153	151
1:Man. 	72068	52	0	0	290	4	291	1	1039	8	153	151
1:Man. 	72269	52	0	0	290	4	291	1	1031	8	153	151
1:Man. 	72471	52	0	0	290	4	291	1	1020	7	153	151
1:Man. 	72672	52	0	0	290	4	291	1	1010	7	153	151
1:Man. 	72872	52	0	0	290	4	291	2	995	7	154	150
1:Man. 	73073	52	0	0	290	4	291	1	980	7	153	151
1:Man. 	73274	52	0	0	290	4	291	1	967	7	153	151
1:Man. 	73476	52	0	0	290	4	291	1	958	7	153	151
1:Man. 	73677	52	0	0	290	4	291	1	945	7	153	151
1:Man. 	73878	52	0	0	290	4	291	1	931	7	153	151
1:Man. 	74079	52	0	0	290	4	291	1	919	7	153	151
1:Man. 	74280	52	0	0	290	4	291	1	907	7	153	151
1:Man. 	74482	52	0	0	290	4	291	1	898	7	153	151
1:Man. 	74683	52	0	0	291	4	291	0	885	6	152	152
1:Man. 	74884	52	0	0	290	4	291	1	872	6	153	151
1:Man. 	75084	52	0	0	290	4	291	1	857	6	153	151
1:Man. 	75287	52	0	0	290	4	291	1	848	6	153	151
1:Man. 	75488	52	0	0	290	4	291	1	835	6	153	151
1:Man. 	75692	52	0	0	290	4	291	1	823	6	153	151
1:Man. 	75893	52	0	0	290	4	291	1	812	6	153	151
1:Man. 	76095	52	0	0	290	4	291	1	802	6	153	151
1:Man. 	76296	52	0	0	290	4	291	1	789	6	153	151
1:Man. 	76497	52	0	0	290	4	291	2	782	6	154	150
1:Man. 	76698	52	0	0	289	4	291	2	770	6	154	150
1:Man. 	76898	52	0	0	289	4	291	2	766	5	154	150
1:Man. 	77101	52	0	0	290	4	291	1	758	5	153	151
1:Man. 	77301	52	0	0	289	4	291	2	751	5	154	150
1:Man. 	77502	52	0	0	289	4	291	2	742	5	154	150
1:Man. 	77703	52	0	0	290	4	291	2	735	5	154	150
1:Man. 	77903	52	0	0	289	4	291	2	725	5	154	150
1:Man. 	78103	52	0	0	290	4	291	1	718	5	153	151
1:Man. 	78305	52	0	0	289	4	291	2	712	5	154	150
1:Man. 	78507	52	0	0	289	4	291	2	708	5	154	150
1:Man. 	78708	52	0	0	290	4	291	1	703	5	153	151
1:Man. 	78909	52	0	0	289	4	291	2	700	5	154	150
1:Man. 	79111	52	0	0	289	4	291	2	696	5	154	150
1:Man. 	79324	52	0	0	289	4	291	2	691	5	154	150
1:Man. 	79524	52	0	0	289	4	291	2	686	5	154	150
1:Man. 	79724	52	0	0	288	4	291	3	683	5	155	149
1:Man. 	79926	52	0	0	289	4	291	2	679	5	154	150
1:Man. 	80126	52	0	0	288	4	291	3	677	5	155	149
1:Man. 	80327	52	0	0	290	4	291	2	674	5	154	150
1:Man. 	80528	52	0	0	290	4	291	1	668	5	153	151
1:Man. 	80730	52	0	0	289	4	291	2	665	5	154	150
1:Man. 	80930	52	0	0	289	4	291	2	661	5	154	150
1:Man. 	81131	52	0	0	288	4	291	3	660	5	155	149
1:Man. 	81332	52	0	0	288	4	291	3	658	5	155	149
1:Man. 	81534	52	0	0	289	4	291	2	657	5	154	150
1:Man. 	81736	52	0	0	289	4	291	2	656	5	154	150
1:Man. 	81938	52	0	0	289	4	291	1	653	5	153	151
1:Man. 	82139	52	0	0	290	4	291	1	650	5	153	151
1:Man. 	82341	52	0	0	290	4	291	1	645	5	153	151
1:Man. 	82542	52	0	0	291	4	291	1	638	4	153	151
1:Man. 	82744	52	0	0	290	4	291	1	629	4	153	151
1:Man. 	82945	52	0	0	289	4	291	2	623	4	154	150
1:Man. 	83145	52	0	0	289	4	291	2	619	4	154	150
1:Man. 	83345	52	0	0	289	4	291	2	617	4	154	150
1:Man. 	83546	52	0	0	290	4	291	1	612	4	153	151
1:Man. 	83746	52	0	0	292	4	291	0	607	4	152	152
1:Man. 	83947	52	0	0	292	4	291	-1	596	4	151	153
1:Man. 	84148	52	0	0	291	4	291	0	586	4	152	152
1:Man. 	84350	52	0	0	291	4	291	-1	579	4	151	153
1:Man. 	84551	52	0	0	290	4	291	1	568	4	153	151
1:Man. 	84753	52	0	0	290	4	291	1	562	4	153	151
1:Man. 	84954	52	0	0	290	4	291	1	556	4	153	151
1:Man. 	85157	52	0	0	291	4	291	0	551	4	152	152
1:Man. 	85359	52	0	0	291	4	291	0	545	4	152	152
1:Man. 	85559	52	0	0	291	4	291	0	538	4	152	152
1:Man. 	85762	52	0	0	292	4	291	-1	530	4	151	153
1:Man. 	85962	52	0	0	294	4	291	-3	514	4	149	155
1:Man. 	86162	52	0	0	292	4	291	-1	500	3	151	153
1:Man. 	86364	52	0	0	292	4	291	-1	490	3	151	153
1:Man. 	86567	52	0	0	291	4	291	0	480	3	152	152
1:Man. 	86768	52	0	0	291	4	291	1	474	3	153	151
1:Man. 	86968	52	0	0	291	4	291	1	471	3	153	151
1:Man. 	87169	52	0	0	291	4	291	0	465	3	152	152
1:Man. 	87369	52	0	0	290	4	291	1	460	3	153	151
1:Man. 	87570	52	0	0	291	4	291	0	456	3	152	152
1:Man. 	87772	52	0	0	292	4	291	-1	451	3	151	153
1:Man. 	87975	52	0	0	291	4	291	0	447	3	152	152
1:Man. 	88175	52	0	0	290	4	291	1	442	3	153	151
1:Man. 	88376	52	0	0	290	4	291	1	438	3	153	151
1:Man. 	88578	52	0	0	289	4	291	2	437	3	154	150
1:Man. 	88778	52	0	0	288	4	291	3	442	3	155	149
1:Man. 	88979	52	0	0	287	4	291	4	454	3	156	148
1:Man. 	89179	52	0	0	286	4	291	5	465	3	157	147
1:Man. 	89379	52	0	0	286	4	291	5	479	3	157	147
1:Man. 	89580	52	0	0	288	4	291	3	486	3	155	149
1:Man. 	89782	52	0	0	289	4	291	2	489	3	154	150
1:Man. 	89984	52	0	0	290	4	291	1	489	3	153	151
1:Man. 	90184	52	0	0	289	4	291	1	489	3	153	151
1:Man. 	90385	52	0	0	288	4	291	3	496	3	155	149
1:Man. 	90585	52	0	0	288	4	291	4	504	3	156	148
1:Man. 	90787	52	0	0	287	4	291	4	512	4	156	148
1:Man. 	90987	52	0	0	287	4	291	4	518	4	156	148
1:Man. 	91188	52	0	0	288	4	291	3	525	4	155	149
1:Man. 	91388	52	0	0	288	4	291	3	531	4	155	149
1:Man. 	91589	52	0	0	288	4	291	3	539	4	155	149
1:Man. 	91789	52	0	0	288	4	291	3	545	4	155	149
1:Man. 	91990	52	0	0	287	4	291	3	552	4	155	149
1:Man. 	92190	52	0	0	287	4	291	4	565	4	156	148
1:Man. 	92392	52	0	0	287	4	291	3	574	4	155	149
1:Man. 	92593	52	0	0	288	4	291	4	585	4	156	148
1:Man. 	92793	52	0	0	288	4	291	3	591	4	155	149
1:Man. 	92994	52	0	0	287	4	291	4	598	4	156	148
1:Man. 	93195	52	0	0	288	4	291	3	607	4	155	149
1:Man. 	93396	52	0	0	289	4	291	3	616	4	155	149
1:Man. 	93596	52	0	0	288	4	291	3	622	4	155	149
1:Man. 	93796	52	0	0	288	4	291	3	629	4	155	149
1:Man. 	94000	52	0	0	288	4	291	4	636	4	156	148
1:Man. 	94203	52	0	0	288	4	291	4	646	5	156	148
1:Man. 	94404	52	0	0	287	4	291	4	657	5	156	148
1:Man. 	94605	52	0	0	288	4	291	3	666	5	155	149
1:Man. 	94807	52	0	0	288	4	291	3	674	5	155	149
1:Man. 	95010	52	0	0	289	4	291	2	678	5	154	150
1:Man. 	95211	52	0	0	289	4	291	3	684	5	155	149
1:Man. 	95413	52	0	0	288	4	291	2	689	5	154	150
1:Man. 	95617	52	0	0	289	4	291	2	693	5	154	150
1:Man. 	95818	52	0	0	289	4	291	2	697	5	154	150
1:Man. 	96026	52	0	0	289	4	291	2	703	5	154	150
1:Man. 	96226	52	0	0	289	4	291	2	708	5	154	150
1:Man. 	96428	52	0	0	288	4	291	3	716	5	155	149
1:Man. 	96629	52	0	0	288	4	291	3	721	5	155	149
1:Man. 	96830	52	0	0	288	4	291	3	727	5	155	149
1:Man. 	97031	52	0	0	289	4	291	3	731	5	155	149
1:Man. 	97231	52	0	0	289	4	291	2	737	5	154	150
1:Man. 	97433	52	0	0	288	4	291	3	742	5	155	149
1:Man. 	97634	52	0	0	288	4	291	3	747	5	155	149
1:Man. 	97836	52	0	0	288	4	291	3	754	5	155	149
1:Man. 	98037	52	0	0	288	4	291	3	763	5	155	149
1:Man. 	98238	52	0	0	288	4	291	3	768	6	155	149
1:Man. 	98439	52	0	0	289	4	291	3	771	6	155	149
1:Man. 	98639	52	0	0	288	4	291	3	775	6	155	149
1:Man. 	98840	52	0	0	288	4	291	3	780	6	155	149
1:Man. 	99041	52	0	0	288	4	291	3	784	6	155	149
1:Man. 	99244	52	0	0	288	4	291	3	789	6	155	149
1:Man. 	99444	52	0	0	287	4	291	3	795	6	155	149
1:Man. 	99644	52	0	0	288	4	291	3	800	6	155	149
1:Man. 	99846	52	0	0	288	4	291	3	806	6	155	149
1:Man. 	100046	52	0	0	288	4	291	3	810	6	155	149
1:Man. 	100248	52	0	0	288	4	291	3	814	6	155	149
1:Man. 	100448	52	0	0	288	4	291	3	819	6	155	149
1:Man. 	100648	52	0	0	288	4	291	3	823	6	155	149
1:Man. 	100850	52	0	0	288	4	291	3	827	6	155	149
1:Man. 	101051	52	0	0	288	4	291	3	829	6	155	149
1:Man. 	101252	52	0	0	288	4	291	4	834	6	156	148
1:Man. 	101455	52	0	0	287	4	291	4	838	6	156	148
1:Man. 	101656	52	0	0	288	4	291	3	842	6	155	149
1:Man. 	101857	52	0	0	288	4	291	3	843	6	155	149
1:Man. 	102057	52	0	0	288	4	291	4	849	6	156	148
1:Man. 	102258	52	0	0	287	4	291	4	857	6	156	148
1:Man. 	102460	52	0	0	287	4	291	3	861	6	155	149
1:Man. 	102661	52	0	0	287	4	291	4	869	6	156	148
1:Man. 	102864	52	0	0	287	4	291	4	874	6	156	148
1:Man. 	103065	52	0	0	287	4	291	3	875	6	155	149
1:Man. 	103265	52	0	0	288	4	291	4	880	6	156	148
1:Man. 	103465	52	0	0	287	4	291	4	887	6	156	148
1:Man. 	103666	52	0	0	287	4	291	4	894	6	156	148
1:Man. 	103867	52	0	0	287	4	291	4	906	7	156	148
1:Man. 	104068	52	0	0	287	4	291	4	918	7	156	148
1:Man. 	104271	52	0	0	287	4	291	4	931	7	156	148
1:Man. 	104471	52	0	0	287	4	291	4	940	7	156	148
1:Man. 	104674	52	0	0	287	4	291	4	950	7	156	148
1:Man. 	104877	52	0	0	287	4	291	4	958	7	156	148
1:Man. 	105077	52	0	0	287	4	291	4	968	7	156	148
1:Man. 	105277	52	0	0	287	4	291	4	978	7	156	148
1:Man. 	105478	52	0	0	287	4	291	4	996	7	156	148
1:Man. 	105678	52	0	0	286	4	291	5	1019	7	157	147
1:Man. 	105880	52	0	0	286	4	291	5	1039	8	157	147
1:Man. 	106082	52	0	0	287	4	291	4	1057	8	156	148
1:Man. 	106283	52	0	0	286	4	291	5	1069	8	157	147
1:Man. 	106483	52	0	0	287	4	291	4	1082	8	156	148
1:Man. 	106686	52	0	0	286	4	291	5	1100	8	157	147
1:Man. 	106887	52	0	0	286	4	291	5	1118	8	157	147
1:Man. 	107088	52	0	0	286	4	291	5	1134	8	157	147
1:Man. 	107289	52	0	0	285	4	291	6	1156	9	158	146
1:Man. 	107490	52	0	0	286	4	291	5	1185	9	157	147
1:Man. 	107692	52	0	0	286	4	291	5	1207	9	157	147
1:Man. 	107893	52	0	0	286	4	291	5	1231	9	157	147
1:Man. 	108094	52	0	0	286	4	291	5	1256	9	157	147
1:Man. 	108295	52	0	0	285	4	291	5	1271	9	157	147
1:Man. 	108495	52	0	0	285	4	291	6	1292	10	158	146
1:Man. 	108697	52	0	0	284	4	291	7	1314	10	159	145
1:Man. 	108898	52	0	0	284	4	291	6	1334	10	158	146
1:Man. 	109100	52	0	0	285	4	291	6	1355	10	158	146
1:Man. 	109302	52	0	0	285	4	291	6	1378	10	158	146
1:Man. 	109504	52	0	0	285	4	291	6	1402	10	158	146
1:Man. 	109706	52	0	0	284	4	291	7	1421	11	159	145
1:Man. 	109907	52	0	0	284	4	291	7	1445	11	159	145
1:Man. 	110109	52	0	0	284	4	291	7	1469	11	159	145
1:Man. 	110310	52	0	0	285	4	291	6	1485	11	158	146
1:Man. 	110511	52	0	0	285	4	291	6	1492	11	158	146
1:Man. 	110711	52	0	0	285	4	291	6	1499	11	158	146
1:Man. 	110912	52	0	0	285	4	291	6	1504	11	158	146
1:Man. 	111112	52	0	0	285	4	291	6	1509	11	158	146
1:Man. 	111313	52	0	0	285	4	291	7	1524	11	159	145
1:Man. 	111514	52	0	0	284	4	291	7	1544	12	159	145
1:Man. 	111716	52	0	0	284	4	291	7	1562	12	159	145
1:Man. 	111917	52	0	0	284	4	291	7	1581	12	159	145
1:Man. 	112117	52	0	0	284	4	291	7	1597	12	159	145
1:Man. 	112319	52	0	0	285	4	291	6	1604	12	158	146
1:Man. 	112520	52	0	0	285	4	291	6	1612	12	158	146
1:Man. 	112721	52	0	0	284	4	291	7	1621	12	159	145
1:Man. 	112922	52	0	0	284	4	291	7	1632	12	159	145
1:Man. 	113124	52	0	0	284	4	291	7	1648	12	159	145
1:Man. 	113325	52	0	0	284	4	291	7	1664	13	159	145
1:Man. 	113525	52	0	0	284	4	291	7	1679	13	159	145
1:Man. 	113727	52	0	0	285	4	291	7	1689	13	159	145
1:Man. 	113927	52	0	0	285	4	291	7	1700	13	159	145
1:Man. 	114127	52	0	0	284	4	291	7	1712	13	159	145
1:Man. 	114329	52	0	0	284	4	291	7	1724	13	159	145
1:Man. 	114530	52	0	0	284	4	291	7	1739	13	159	145
1:Man. 	114731	52	0	0	284	4	291	7	1751	13	159	145
1:Man. 	114931	52	0	0	283	4	289	5	5	0	107	97
1:Man. 	115131	52	0	0	284	4	285	2	2	0	104	100
1:Man. 	115331	52	0	0	283	4	282	0	0	0	102	102
1:Man. 	115531	52	0	0	284	4	279	-5	-5	-1	97	107
1:Man. 	115744	52	0	0	283	4	276	-6	-6	-1	96	108
1:Man. 	115960	52	0	0	283	4	272	-11	-11	-1	91	113
1:Man. 	116160	52	0	0	284	4	269	-13	-13	-1	89	115
1:Man. 	116360	52	0	0	283	4	266	-17	-17	-1	85	119
1:Man. 	116560	52	0	0	284	4	263	-21	-21	-1	81	123
1:Man. 	116762	52	0	0	284	4	261	-23	-46	-1	129	175
1:Man. 	116963	52	0	0	283	4	261	-22	-136	-2	130	174
1:Man. 	117164	52	0	0	284	4	261	-23	-204	-2	129	175
1:Man. 	117366	52	0	0	284	4	261	-22	-293	-3	130	174
1:Man. 	117568	52	0	0	283	4	261	-22	-383	-3	130	174
1:Man. 	117770	52	0	0	282	4	261	-22	-448	-4	130	174
1:Man. 	117978	52	0	0	283	4	261	-22	-535	-5	130	174
1:Man. 	118179	52	0	0	283	4	261	-22	-620	-5	130	174
1:Man. 	118380	52	0	0	282	4	261	-21	-704	-6	131	173
1:Man. 	118581	52	0	0	282	4	261	-21	-789	-7	131	173
1:Man. 	118781	52	0	0	282	4	261	-21	-852	-7	131	173
1:Man. 	118982	52	0	0	281	4	261	-21	-935	-8	131	173
1:Man. 	119182	52	0	0	280	4	261	-19	-1014	-8	133	171
1:Man. 	119384	52	0	0	280	4	261	-19	-1072	-9	133	171
1:Man. 	119584	52	0	0	279	4	261	-18	-1147	-9	134	170
1:Man. 	119785	52	0	0	279	4	261	-18	-1220	-10	134	170
1:Man. 	119986	52	0	0	278	4	261	-17	-1291	-11	135	169
1:Man. 	120189	52	0	0	278	4	261	-17	-1357	-11	135	169
1:Man. 	120389	52	0	0	277	4	261	-16	-1407	-11	136	168
1:Man. 	120597	52	0	0	278	4	261	-17	-1472	-12	135	169
1:Man. 	120797	52	0	0	277	4	261	-16	-1536	-12	136	168
1:Man. 	120997	52	0	0	276	4	261	-15	-1598	-13	137	167
1:Man. 	121198	52	0	0	275	4	261	-14	-1642	-13	138	166
1:Man. 	121398	52	0	0	274	4	261	-13	-1696	-14	139	165
1:Man. 	121598	52	0	0	272	4	261	-11	-1744	-14	141	163
1:Man. 	121799	52	0	0	272	4	261	-11	-1777	-14	141	163
1:Man. 	122000	52	0	0	271	4	261	-10	-1818	-15	142	162
1:Man. 	122201	52	0	0	271	4	261	-10	-1858	-15	142	162
1:Man. 	122403	52	0	0	270	4	261	-9	-1895	-15	143	161
1:Man. 	122603	52	0	0	269	4	261	-8	-1919	-15	144	160
1:Man. 	122803	52	0	0	268	4	261	-7	-1948	-16	145	159
1:Man. 	123005	52	0	0	268	4	261	-7	-1976	-16	145	159
1:Man. 	123206	52	0	0	266	4	261	-5	-1999	-16	147	157
1:Man. 	123406	52	0	0	266	4	261	-5	-2014	-16	147	157
1:Man. 	123608	52	0	0	265	4	261	-4	-2032	-16	148	156
1:Man. 	123809	52	0	0	264	4	261	-3	-2046	-16	149	155
1:Man. 	124011	52	0	0	263	4	261	-3	-2052	-17	149	155
1:Man. 	124211	52	0	0	263	4	261	-2	-2060	-17	150	154
1:Man. 	124411	52	0	0	262	4	261	-1	-2065	-17	151	153
1:Man. 	124611	52	0	0	262	4	261	-1	-2068	-17	151	153
1:Man. 	124811	52	0	0	261	4	261	0	-2070	-17	152	152
1:Man. 	125011	52	0	0	260	4	261	1	-2067	-17	153	151
1:Man. 	125211	52	0	0	260	4	261	1	-2065	-17	153	151
1:Man. 	125413	52	0	0	259	4	261	2	-2060	-17	154	150
1:Man. 	125614	52	0	0	259	4	261	2	-2054	-17	154	150
1:Man. 	125816	52	0	0	258	4	261	3	-2044	-16	155	149
1:Man. 	126017	52	0	0	258	4	261	3	-2032	-16	155	149
1:Man. 	126219	52	0	0	258	4	261	3	-2018	-16	155	149
1:Man. 	126419	52	0	0	257	4	261	4	-2002	-16	156	148
1:Man. 	126620	52	0	0	256	4	261	5	-1989	-16	157	147
1:Man. 	126821	52	0	0	256	4	261	5	-1969	-16	157	147
1:Man. 	127023	52	0	0	255	4	261	6	-1947	-16	158	146
1:Man. 	127223	52	0	0	255	4	261	6	-1923	-16	158	146
1:Man. 	127425	52	0	0	255	4	261	6	-1905	-15	158	146
1:Man. 	127627	52	0	0	255	4	261	6	-1880	-15	158	146
1:Man. 	127828	52	0	0	254	4	261	7	-1855	-15	159	145
1:Man. 	128030	52	0	0	254	4	261	7	-1834	-15	159	145
1:Man. 	128231	52	0	0	253	4	261	8	-1805	-15	160	144
1:Man. 	128446	52	0	0	253	4	261	7	-1782	-14	159	145
1:Man. 	128648	52	0	0	253	4	261	8	-1750	-14	160	144
1:Man. 	128850	52	0	0	253	4	261	8	-1719	-14	160	144
1:Man. 	129051	52	0	0	253	4	261	8	-1687	-14	160	144
1:Man. 	129252	52	0	0	253	4	261	8	-1654	-13	160	144
1:Man. 	129452	52	0	0	252	4	261	9	-1629	-13	161	143
1:Man. 	129653	52	0	0	252	4	261	9	-1593	-13	161	143
1:Man. 	129855	52	0	0	251	4	261	10	-1556	-13	162	142
1:Man. 	130055	0	0	0	252	4	250	10	0	0	162	142
1:Man. 	130255	0	0	0	252	4	246	10	0	0	162	142
1:Man. 	130455	0	0	0	251	4	243	10	0	0	162	142
1:Man. 	130669	0	0	0	252	4	243	-8	-25	-1	92	108
1:Man. 	130874	0	0	0	251	4	243	-8	-58	-1	92	108
1:Man. 	131075	0	0	0	252	4	243	-8	-90	-1	92	108
1:Man. 	131277	0	0	0	251	4	243	-8	-123	-1	92	108
1:Man. 	131478	0	0	0	251	4	243	-8	-155	-2	92	108
1:Man. 	131678	0	0	0	251	4	243	-8	-179	-2	92	108
1:Man. 	131878	0	0	0	251	4	243	-8	-211	-2	92	108
1:Man. 	132079	0	0	0	251	4	243	-8	-242	-2	92	108
1:Man. 	132279	0	0	0	251	4	243	-7	-264	-3	93	107
1:Man. 	132492	0	0	0	251	4	243	-8	-296	-3	92	108
1:Man. 	132696	0	0	0	250	4	243	-7	-327	-3	93	107
1:Man. 	132896	0	0	0	251	4	243	-8	-357	-3	92	108
1:Man. 	133097	0	0	0	251	4	243	-7	-378	-3	93	107
1:Man. 	133300	0	0	0	250	4	243	-7	-409	-4	93	107
1:Man. 	133500	0	0	0	250	4	243	-7	-437	-4	93	107
1:Man. 	133701	0	0	0	250	4	243	-7	-465	-4	93	107
1:Man. 	133907	0	0	0	250	4	243	-7	-488	-4	93	107
1:Man. 	134107	0	0	0	251	4	243	-7	-516	-5	93	107
1:Man. 	134310	0	0	0	250	4	243	-7	-545	-5	93	107
1:Man. 	134511	0	0	0	250	4	243	-7	-573	-5	93	107
1:Man. 	134711	0	0	0	250	4	243	-7	-594	-5	93	107
1:Man. 	134913	0	0	0	250	4	243	-7	-622	-5	93	107
1:Man. 	135116	0	0	0	250	4	243	-7	-650	-6	93	107
1:Man. 	135316	0	0	0	249	4	243	-6	-670	-6	94	106
1:Man. 	135518	0	0	0	250	4	243	-7	-696	-6	93	107
1:Man. 	135718	0	0	0	250	4	243	-7	-723	-6	93	107
1:Man. 	135920	0	0	0	249	4	243	-7	-743	-6	93	107
1:Man. 	136121	0	0	0	250	4	243	-7	-768	-6	93	107
1:Man. 	136322	0	0	0	249	4	243	-6	-793	-7	94	106
1:Man. 	136522	0	0	0	249	4	243	-6	-817	-7	94	106
1:Man. 	136722	0	0	0	249	4	243	-6	-835	-7	94	106
1:Man. 	136922	0	0	0	249	4	243	-6	-859	-7	94	106
1:Man. 	137125	0	0	0	249	4	243	-6	-883	-7	94	106
1:Man. 	137326	0	0	0	249	4	243	-6	-907	-8	94	106
1:Man. 	137526	0	0	0	248	4	243	-5	-923	-8	95	105
1:Man. 	137726	0	0	0	248	4	243	-6	-944	-8	94	106
1:Man. 	137928	0	0	0	248	4	243	-5	-964	-8	95	105
1:Man. 	138128	0	0	0	248	4	243	-5	-985	-8	95	105
1:Man. 	138329	0	0	0	248	4	243	-6	-1001	-8	94	106
1:Man. 	138532	0	0	0	249	4	243	-5	-1016	-8	95	105
1:Man. 	138732	0	0	0	248	4	243	-6	-1039	-9	94	106
1:Man. 	138934	0	0	0	248	4	243	-5	-1059	-9	95	105
1:Man. 	139134	0	0	0	248	4	243	-5	-1079	-9	95	105
1:Man. 	139334	0	0	0	247	4	243	-4	-1098	-9	96	104
1:Man. 	139535	0	0	0	248	4	243	-5	-1113	-9	95	105
1:Man. 	139735	0	0	0	248	4	243	-5	-1133	-9	95	105
1:Man. 	139936	0	0	0	248	4	243	-5	-1153	-10	95	105
1:Man. 	140137	0	0	0	248	4	243	-5	-1171	-10	95	105
1:Man. 	140338	0	0	0	248	4	243	-5	-1186	-10	95	105
1:Man. 	140546	0	0	0	248	4	243	-5	-1206	-10	95	105
1:Man. 	140746	0	0	0	248	4	243	-5	-1226	-10	95	105
1:Man. 	140948	0	0	0	248	4	243	-5	-1240	-10	95	105
1:Man. 	141149	0	0	0	248	4	243	-5	-1258	-10	95	105
1:Man. 	141349	0	0	0	248	4	243	-4	-1277	-10	96	104
1:Man. 	141550	0	0	0	247	4	243	-4	-1289	-11	96	104
1:Man. 	141751	0	0	0	247	4	243	-4	-1305	-11	96	104
1:Man. 	141969	0	0	0	247	4	243	-4	-1321	-11	96	104
1:Man. 	142170	0	0	0	247	4	243	-4	-1337	-11	96	104
1:Man. 	142372	0	0	0	247	4	243	-4	-1353	-11	96	104
1:Man. 	142573	0	0	0	247	4	243	-4	-1370	-11	96	104
1:Man. 	142775	0	0	0	247	4	243	-4	-1382	-11	96	104
1:Man. 	142976	0	0	0	247	4	243	-4	-1397	-11	96	104
1:Man. 	143176	0	0	0	246	4	243	-3	-1409	-12	97	103
1:Man. 	143378	0	0	0	245	4	243	-3	-1418	-12	97	103
1:Man. 	143580	0	0	0	246	4	243	-3	-1430	-12	97	103
1:Man. 	143780	0	0	0	245	4	243	-2	-1441	-12	98	102
1:Man. 	143995	0	0	0	247	4	243	-4	-1454	-12	96	104
1:Man. 	144197	0	0	0	247	4	243	-4	-1468	-12	96	104
1:Man. 	144397	4	0	0	246	4	243	-3	-1478	-12	100	106
1:Man. 	144598	8	0	0	246	4	243	-3	-1492	-12	105	111
1:Man. 	144798	12	0	0	245	4	243	-2	-1503	-12	110	114
1:Man. 	144998	16	0	0	246	4	243	-3	-1515	-12	112	118
1:Man. 	145198	20	0	0	245	4	243	-2	-1523	-12	117	121
1:Man. 	145414	23	0	0	245	4	243	-2	-1529	-12	121	125
1:Man. 	145614	27	0	0	246	4	243	-3	-1539	-13	124	130
1:Man. 	145827	31	0	0	246	4	243	-3	-1551	-13	128	134
1:Man. 	146027	33	0	0	246	4	243	-3	-1563	-13	130	136
1:Man. 	146229	33	0	0	246	4	243	-3	-1572	-13	130	136
1:Man. 	146430	33	0	0	245	4	243	-2	-1581	-13	131	135
1:Man. 	146630	36	0	0	245	4	243	-3	-1590	-13	132	138
1:Man. 	146840	39	0	0	246	4	243	-3	-1599	-13	136	142
1:Man. 	147040	43	0	0	245	4	243	-2	-1608	-13	141	145
1:Man. 	147240	46	0	0	246	4	243	-3	-1619	-13	143	149
1:Man. 	147442	46	0	0	246	4	243	-3	-1626	-13	143	149
1:Man. 	147644	46	0	0	246	4	243	-3	-1638	-13	143	149
1:Man. 	147844	46	0	0	246	4	243	-3	-1650	-13	143	149
1:Man. 	148044	46	0	0	245	4	243	-2	-1659	-13	144	148
1:Man. 	148246	46	0	0	245	4	243	-2	-1667	-14	144	148
1:Man. 	148446	46	0	0	244	4	243	-2	-1673	-14	144	148
1:Man. 	148646	46	0	0	244	4	243	-1	-1678	-14	145	147
1:Man. 	148865	46	0	0	245	4	243	-2	-1686	-14	144	148
1:Man. 	149065	46	0	0	245	4	243	-2	-1694	-14	144	148
1:Man. 	149265	46	0	0	245	4	243	-2	-1703	-14	144	148
1:Man. 	149466	46	0	0	245	4	243	-1	-1708	-14	145	147
1:Man. 	149666	46	0	0	244	4	243	-2	-1715	-14	144	148
1:Man. 	149866	46	0	0	244	4	243	-2	-1721	-14	144	148
1:Man. 	150067	46	0	0	244	4	243	-1	-1725	-14	145	147
1:Man. 	150283	46	0	0	244	4	243	-1	-1728	-14	145	147
1:Man. 	150486	46	0	0	244	4	243	-1	-1732	-14	145	147
1:Man. 	150687	46	0	0	244	4	243	-1	-1736	-14	145	147
1:Man. 	150888	46	0	0	244	4	243	-1	-1739	-14	145	147
1:Man. 	151089	46	0	0	244	4	243	-1	-1742	-14	145	147
1:Man. 	151290	46	0	0	244	4	243	-1	-1745	-14	145	147
1:Man. 	151492	46	0	0	244	4	243	-1	-1749	-14	145	147
1:Man. 	151705	46	0	0	244	4	243	0	-1752	-14	146	146
1:Man. 	151907	46	0	0	243	4	243	0	-1754	-14	146	146
1:Man. 	152108	46	0	0	243	4	243	0	-1737	-14	146	146
1:Man. 	152309	46	0	0	243	4	243	0	-1704	-14	146	146
1:Man. 	152510	46	0	0	243	4	243	0	-1680	-14	146	146
1:Man. 	152711	46	0	0	243	4	243	0	-1647	-13	146	146
1:Man. 	152912	46	0	0	243	4	243	0	-1615	-13	146	146
1:Man. 	153112	46	0	0	243	4	243	0	-1583	-13	146	146
1:Man. 	153313	46	0	0	243	4	243	0	-1559	-13	146	146
1:Man. 	153515	46	0	0	243	4	243	0	-1528	-12	146	146
1:Man. 	153716	46	0	0	243	4	243	0	-1496	-12	146	146
1:Man. 	153919	46	0	0	242	4	243	1	-1462	-12	147	145
1:Man. 	154120	46	0	0	243	4	243	1	-1437	-12	147	145
1:Man. 	154321	46	0	0	242	4	243	1	-1405	-11	147	145
1:Man. 	154522	46	0	0	243	4	243	0	-1376	-11	146	146
1:Man. 	154723	46	0	0	242	4	243	0	-1352	-11	146	146
1:Man. 	154924	46	0	0	242	4	243	1	-1319	-11	147	145
1:Man. 	155142	46	0	0	242	4	243	1	-1287	-11	147	145
1:Man. 	155345	46	0	0	242	4	243	1	-1253	-10	147	145
1:Man. 	155545	46	0	0	242	4	243	1	-1229	-10	147	145
1:Man. 	155746	46	0	0	242	4	243	1	-1196	-10	147	145
1:Man. 	155948	46	0	0	242	4	243	1	-1164	-10	147	145
1:Man. 	156148	46	0	0	242	4	243	1	-1132	-9	147	145
1:Man. 	156350	46	0	0	242	4	243	1	-1108	-9	147	145
1:Man. 	156552	46	0	0	242	4	243	1	-1076	-9	147	145
1:Man. 	156752	46	0	0	242	4	243	1	-1044	-9	147	145
1:Man. 	156952	46	0	0	241	4	243	1	-1015	-8	147	145
1:Man. 	157160	46	0	0	241	4	243	2	-988	-8	148	144
1:Man. 	157362	46	0	0	241	4	243	2	-954	-8	148	144
1:Man. 	157562	46	0	0	241	4	243	2	-922	-8	148	144
1:Man. 	157763	46	0	0	241	4	243	2	-888	-7	148	144
1:Man. 	157965	46	0	0	241	4	243	2	-856	-7	148	144
1:Man. 	158168	46	0	0	241	4	243	2	-832	-7	148	144
1:Man. 	158369	46	0	0	241	4	243	2	-798	-7	148	144
1:Man. 	158572	46	0	0	241	4	243	2	-765	-6	148	144
1:Man. 	158774	46	0	0	241	4	243	2	-741	-6	148	144
1:Man. 	158976	46	0	0	241	4	243	2	-710	-6	148	144
1:Man. 	159193	46	0	0	241	4	243	2	-681	-6	148	144
1:Man. 	159394	46	0	0	241	4	243	2	-651	-6	148	144
1:Man. 	159595	46	0	0	240	4	243	3	-618	-5	149	143
1:Man. 	159797	46	0	0	240	4	243	3	-585	-5	149	143
1:Man. 	160000	46	0	0	240	4	243	3	-561	-5	149	143
1:Man. 	160200	46	0	0	240	4	243	3	-526	-5	149	143
1:Man. 	160416	46	0	0	240	4	243	3	-494	-4	149	143
1:Man. 	160617	46	0	0	239	4	243	4	-461	-4	150	142
1:Man. 	160818	46	0	0	240	4	243	3	-437	-4	149	143
1:Man. 	161019	46	0	0	240	4	243	3	-406	-4	149	143
1:Man. 	161236	46	0	0	240	4	243	3	-374	-3	149	143
1:Man. 	161437	46	0	0	240	4	243	3	-342	-3	149	143
1:Man. 	161637	46	0	0	240	4	243	3	-320	-3	149	143
1:Man. 	161838	46	0	0	241	4	243	3	-289	-3	149	143
1:Man. 	162041	46	0	0	241	4	243	2	-259	-3	148	144
1:Man. 	162241	46	0	0	241	4	243	2	-238	-2	148	144
1:Man. 	162441	46	0	0	241	4	243	2	-211	-2	148	144
1:Man. 	162641	46	0	0	241	4	243	2	-185	-2	148	144
1:Man. 	162842	46	0	0	241	4	243	2	-158	-2	148	144
1:Man. 	163044	46	0	0	241	4	243	3	-139	-2	149	143
1:Man. 	163248	46	0	0	240	4	243	3	-114	-1	149	143
1:Man. 	163448	46	0	0	240	4	243	3	-87	-1	149	143
1:Man. 	163649	46	0	0	240	4	243	3	-59	-1	149	143
1:Man. 	163850	46	0	0	241	4	243	3	-38	-1	149	143
1:Man. 	164054	46	0	0	241	4	243	3	-10	-1	149	143
1:Man. 	164257	46	0	0	240	4	243	3	17	0	149	143
1:Man. 	164458	46	0	0	240	4	243	3	44	0	149	143
1:Man. 	164664	46	0	0	240	4	243	3	62	0	149	143
1:Man. 	164864	46	0	0	240	4	243	3	86	0	149	143
1:Man. 	165064	46	0	0	240	4	243	3	110	0	149	143
1:Man. 	165264	46	0	0	240	4	243	3	133	1	149	143
1:Man. 	165465	46	0	0	240	4	243	3	155	1	149	143
1:Man. 	165667	46	0	0	240	4	243	3	174	1	149	143
1:Man. 	165868	46	0	0	241	4	243	2	182	1	148	144
1:Man. 	166085	46	0	0	240	4	243	3	193	1	149	143
1:Man. 	166286	46	0	0	240	4	243	3	204	1	149	143
1:Man. 	166487	46	0	0	241	4	243	2	215	1	148	144
1:Man. 	166690	46	0	0	241	4	243	2	224	1	148	144
1:Man. 	166891	46	0	0	241	4	243	2	230	1	148	144
1:Man. 	167091	46	0	0	241	4	243	2	238	1	148	144
1:Man. 	167292	46	0	0	241	4	243	2	246	1	148	144
1:Man. 	167510	46	0	0	241	4	243	2	251	1	148	144
1:Man. 	167710	46	0	0	242	4	243	1	255	1	147	145
1:Man. 	167910	46	0	0	241	4	240	-1	-1	-1	95	97
1:Man. 	168110	46	0	0	242	4	237	-5	-5	-1	91	101
1:Man. 	168310	46	0	0	242	4	233	-7	-7	-1	89	103
1:Man. 	168510	46	0	0	242	4	230	-11	-11	-1	85	107
1:Man. 	168710	46	0	0	242	4	227	-14	-14	-1	82	110
1:Man. 	168910	46	0	0	243	4	224	-18	-18	-1	78	114
1:Man. 	169110	46	0	0	242	4	221	-21	-21	-1	75	117
1:Man. 	169310	46	0	0	242	4	218	-24	-24	-1	72	120
1:Man. 	169510	46	0	0	243	4	214	-28	-28	-1	68	124
1:Man. 	169710	46	0	0	243	4	211	-30	-30	-1	66	126
1:Man. 	169912	46	0	0	243	4	210	-33	-99	-1	113	179
1:Man. 	170113	46	0	0	243	4	210	-33	-198	-2	113	179
1:Man. 	170313	46	0	0	243	4	210	-33	-330	-3	113	179
1:Man. 	170515	46	0	0	243	4	210	-33	-462	-4	113	179
1:Man. 	170716	46	0	0	243	4	210	-33	-594	-5	113	179
1:Man. 	170917	46	0	0	243	4	210	-33	-726	-6	113	179
1:Man. 	171118	46	0	0	243	4	210	-33	-825	-7	113	179
1:Man. 	171320	46	0	0	243	4	210	-33	-957	-8	113	179
1:Man. 	171521	46	0	0	243	4	210	-33	-1089	-9	113	179
1:Man. 	171722	46	0	0	243	4	210	-33	-1220	-10	113	179
1:Man. 	171924	46	0	0	243	4	210	-33	-1318	-11	113	179
1:Man. 	172125	46	0	0	243	4	210	-33	-1450	-12	113	179
1:Man. 	172326	46	0	0	242	4	210	-32	-1581	-13	114	178
1:Man. 	172527	46	0	0	242	4	210	-32	-1679	-14	114	178
1:Man. 	172729	46	0	0	242	4	210	-32	-1807	-15	114	178
1:Man. 	172929	46	0	0	241	4	210	-31	-1933	-16	115	177
1:Man. 	173129	46	0	0	241	4	210	-31	-2057	-17	115	177
1:Man. 	173329	46	0	0	241	4	210	-30	-2148	-17	116	176
1:Man. 	173531	46	0	0	240	4	210	-30	-2270	-18	116	176
1:Man. 	173732	46	0	0	240	4	210	-30	-2390	-19	116	176
1:Man. 	173934	46	0	0	240	4	210	-30	-2479	-20	116	176
1:Man. 	174135	46	0	0	239	4	210	-29	-2596	-21	117	175
1:Man. 	174336	46	0	0	239	4	210	-29	-2712	-22	117	175
1:Man. 	174536	46	0	0	238	4	210	-28	-2824	-23	118	174
1:Man. 	174738	46	0	0	238	4	210	-27	-2935	-23	119	173
1:Man. 	174939	46	0	0	237	4	210	-27	-3017	-24	119	173
1:Man. 	175140	46	0	0	236	4	210	-26	-3123	-25	120	172
1:Man. 	175342	46	0	0	236	4	210	-26	-3227	-26	120	172
1:Man. 	175559	46	0	0	235	4	210	-25	-3329	-27	121	171
1:Man. 	175760	46	0	0	234	4	210	-24	-3426	-27	122	170
1:Man. 	175962	46	0	0	233	4	210	-23	-3519	-28	123	169
1:Man. 	176163	46	0	0	233	4	210	-23	-3611	-29	123	169
1:Man. 	176364	46	0	0	232	4	210	-22	-3700	-29	124	168
1:Man. 	176566	46	0	0	231	4	210	-22	-3766	-30	124	168
1:Man. 	176766	46	0	0	230	4	210	-21	-3851	-31	125	167
1:Man. 	176967	46	0	0	230	4	210	-20	-3934	-31	126	166
1:Man. 	177170	46	0	0	230	4	210	-20	-4014	-32	126	166
1:Man. 	177371	46	0	0	229	4	210	-20	-4074	-32	126	166
1:Man. 	177579	46	0	0	228	4	210	-18	-4148	-33	128	164
1:Man. 	177779	46	0	0	227	4	210	-17	-4217	-33	129	163
1:Man. 	177982	46	0	0	227	4	210	-17	-4285	-34	129	163
1:Man. 	178184	46	0	0	226	4	210	-16	-4349	-34	130	162
1:Man. 	178384	46	0	0	225	4	210	-16	-4397	-35	130	162
1:Man. 	178586	46	0	0	225	4	210	-15	-4459	-35	131	161
1:Man. 	178788	46	0	0	225	4	210	-15	-4519	-36	131	161
1:Man. 	178989	46	0	0	224	4	210	-14	-4575	-36	132	160
1:Man. 	179189	46	0	0	224	4	210	-13	-4614	-37	133	159
1:Man. 	179390	46	0	0	222	4	210	-13	-4667	-37	133	159
1:Man. 	179592	46	0	0	222	4	210	-12	-4714	-37	134	158
1:Man. 	179793	46	0	0	221	4	210	-11	-4758	-38	135	157
1:Man. 	179995	46	0	0	220	4	210	-11	-4791	-38	135	157
1:Man. 	180197	46	0	0	220	4	210	-10	-4831	-38	136	156
1:Man. 	180399	46	0	0	219	4	210	-10	-4871	-39	136	156
1:Man. 	180601	46	0	0	218	4	210	-9	-4907	-39	137	155
1:Man. 	180803	46	0	0	217	4	210	-8	-4931	-39	138	154
1:Man. 	181010	46	0	0	217	4	210	-7	-4960	-39	139	153
1:Man. 	181212	46	0	0	217	4	210	-7	-4988	-39	139	153
1:Man. 	181413	46	0	0	216	4	210	-6	-5014	-40	140	152
1:Man. 	181615	46	0	0	215	4	210	-5	-5037	-40	141	151
1:Man. 	181815	46	0	0	214	4	210	-4	-5056	-40	142	150
1:Man. 	182016	46	0	0	214	4	210	-4	-5068	-40	142	150
1:Man. 	182217	46	0	0	213	4	210	-4	-5082	-40	142	150
1:Man. 	182418	46	0	0	213	4	210	-3	-5094	-40	143	149
1:Man. 	182618	46	0	0	213	4	210	-3	-5103	-40	143	149
1:Man. 	182819	46	0	0	212	4	210	-2	-5112	-40	144	148
1:Man. 	183031	46	0	0	211	4	210	-1	-5117	-40	145	147
1:Man. 	183233	46	0	0	210	4	210	-1	-5121	-41	145	147
1:Man. 	183435	46	0	0	210	4	210	0	-5121	-41	146	146
1:Man. 	183635	46	0	0	209	4	210	1	-5119	-40	147	145
1:Man. 	183835	46	0	0	209	4	210	1	-5118	-40	147	145
1:Man. 	184037	46	0	0	209	4	210	1	-5114	-40	147	145
1:Man. 	184239	46	0	0	208	4	210	2	-5108	-40	148	144
1:Man. 	184442	46	0	0	208	4	210	2	-5102	-40	148	144
1:Man. 	184643	46	0	0	207	4	210	3	-5092	-40	149	143
1:Man. 	184844	46	0	0	206	4	210	4	-5078	-40	150	142
1:Man. 	185047	46	0	0	205	4	210	5	-5061	-40	151	141
1:Man. 	185249	46	0	0	206	4	210	4	-5045	-40	150	142
1:Man. 	185450	46	0	0	206	4	210	4	-5033	-40	150	142
1:Man. 	185651	46	0	0	205	4	210	5	-5016	-40	151	141
1:Man. 	185851	46	0	0	205	4	210	5	-4996	-40	151	141
1:Man. 	186053	46	0	0	204	4	210	6	-4974	-39	152	140
1:Man. 	186254	46	0	0	204	4	210	6	-4956	-39	152	140
1:Man. 	186455	46	0	0	203	4	210	6	-4932	-39	152	140
1:Man. 	186655	46	0	0	203	4	210	7	-4904	-39	153	139
1:Man. 	186856	46	0	0	203	4	210	7	-4883	-39	153	139
1:Man. 	187057	46	0	0	203	4	210	7	-4855	-38	153	139
1:Man. 	187258	46	0	0	202	4	210	8	-4824	-38	154	138
1:Man. 	187458	46	0	0	202	4	210	8	-4800	-38	154	138
1:Man. 	187660	46	0	0	202	4	210	8	-4768	-38	154	138
1:Man. 	187863	46	0	0	201	4	210	9	-4734	-37	155	137
1:Man. 	188066	46	0	0	201	4	210	9	-4698	-37	155	137
1:Man. 	188267	46	0	0	201	4	210	9	-4671	-37	155	137
1:Man. 	188473	46	0	0	201	4	210	9	-4635	-37	155	137
1:Man. 	188674	46	0	0	201	4	210	9	-4599	-36	155	137
1:Man. 	188874	46	0	0	201	4	210	9	-4562	-36	155	137
1:Man. 	189076	46	0	0	200	4	210	10	-4524	-36	156	136
1:Man. 	189277	46	0	0	200	4	210	9	-4496	-36	155	137
1:Man. 	189478	46	0	0	200	4	210	10	-4457	-35	156	136
1:Man. 	189679	46	0	0	200	4	210	10	-4415	-35	156	136
1:Man. 	189880	46	0	0	200	4	210	10	-4374	-35	156	136
1:Man. 	190080	46	0	0	199	4	210	11	-4342	-34	157	135
1:Man. 	190282	46	0	0	200	4	210	11	-4298	-34	157	135
1:Man. 	190483	46	0	0	199	4	210	11	-4255	-34	157	135
1:Man. 	190684	46	0	0	199	4	210	11	-4211	-33	157	135
1:Man. 	190884	46	0	0	199	4	210	11	-4178	-33	157	135
1:Man. 	191085	46	0	0	199	4	210	11	-4134	-33	157	135
1:Man. 	191286	46	0	0	199	4	210	11	-4024	-32	157	135
1:Man. 	191486	46	0	0	199	4	210	11	-3848	-31	157	135
1:Man. 	191686	46	0	0	199	4	210	12	-3715	-30	158	134
1:Man. 	191886	47	0	0	198	4	210	11	-3539	-28	157	135
1:Man. 	192086	49	0	0	199	4	210	12	-3359	-27	161	137
1:Man. 	192286	49	0	0	199	4	210	11	-3181	-25	160	138
1:Man. 	192496	50	0	0	198	4	210	12	-3046	-24	162	138
1:Man. 	192712	51	0	0	199	4	210	11	-2870	-23	162	140
1:Man. 	192915	51	0	0	198	4	210	12	-2692	-22	163	139
1:Man. 	193116	51	0	0	198	4	210	12	-2513	-20	163	139
1:Man. 	193317	51	0	0	198	4	210	12	-2379	-19	163	139
1:Man. 	193519	51	0	0	198	4	210	12	-2199	-18	163	139
1:Man. 	193721	51	0	0	198	4	210	12	-2019	-16	163	139
1:Man. 	193936	51	0	0	198	4	210	12	-1841	-15	163	139
1:Man. 	194137	51	0	0	198	4	210	11	-1667	-14	162	140
1:Man. 	194338	51	0	0	198	4	210	12	-1493	-12	163	139
1:Man. 	194540	51	0	0	199	4	210	11	-1367	-11	162	140
1:Man. 	194742	51	0	0	199	4	210	11	-1201	-10	162	140
1:Man. 	194945	51	0	0	199	4	210	12	-1033	-9	163	139
1:Man. 	195147	51	0	0	198	4	210	12	-868	-7	163	139
1:Man. 	195349	51	0	0	198	4	210	11	-746	-6	162	140
1:Man. 	195550	51	0	0	199	4	210	11	-585	-5	162	140
1:Man. 	195750	51	0	0	199	4	210	11	-425	-4	162	140
1:Man. 	195951	51	0	0	199	4	210	11	-309	-3	162	140
1:Man. 	196152	51	0	0	199	4	210	11	-154	-2	162	140
1:Man. 	196354	51	0	0	200	4	210	10	-2	-1	161	141
1:Man. 	196554	51	0	0	200	4	210	10	144	1	161	141
1:Man. 	196755	51	0	0	200	4	210	10	252	1	161	141
1:Man. 	196957	51	0	0	200	4	210	10	395	3	161	141
1:Man. 	197158	51	0	0	200	4	210	10	533	4	161	141
1:Man. 	197358	51	0	0	200	4	210	10	667	5	161	141
1:Man. 	197558	51	0	0	200	4	210	10	765	5	161	141
1:Man. 	197760	51	0	0	201	4	210	9	892	6	160	142
1:Man. 	197960	51	0	0	201	4	210	9	985	7	160	142
1:Man. 	198161	51	0	0	201	4	210	9	1108	8	160	142
1:Man. 	198361	51	0	0	201	4	210	9	1228	9	160	142
1:Man. 	198562	51	0	0	202	4	210	8	1342	10	159	143
1:Man. 	198763	51	0	0	202	4	210	8	1426	11	159	143
1:Man. 	198964	51	0	0	203	4	210	7	1534	11	158	144
1:Man. 	199165	51	0	0	203	4	210	7	1633	12	158	144
1:Man. 	199366	51	0	0	203	4	210	7	1729	13	158	144
1:Man. 	199568	51	0	0	203	4	210	7	1800	14	158	144
1:Man. 	199769	51	0	0	204	4	210	6	1891	14	157	145
1:Man. 	199970	51	0	0	203	4	210	7	1980	15	158	144
1:Man. 	200172	51	0	0	204	4	210	6	2065	16	157	145
1:Man. 	200374	51	0	0	204	4	210	6	2127	16	157	145
1:Man. 	200574	51	0	0	205	4	210	5	2205	17	156	146
1:Man. 	200776	51	0	0	205	4	210	5	2260	17	156	146
1:Man. 	200977	51	0	0	206	4	210	4	2329	18	155	147
1:Man. 	201193	51	0	0	206	4	210	4	2393	18	155	147
1:Man. 	201394	51	0	0	206	4	210	4	2453	19	155	147
1:Man. 	201595	51	0	0	206	4	210	4	2512	19	155	147
1:Man. 	201796	51	0	0	207	4	210	3	2553	19	154	148
1:Man. 	201998	51	0	0	206	4	210	4	2608	20	155	147
1:Man. 	202200	51	0	0	207	4	210	3	2655	20	154	148
1:Man. 	202401	51	0	0	207	4	210	3	2687	20	154	148
1:Man. 	202602	51	0	0	207	4	210	3	2728	21	154	148
1:Man. 	202804	51	0	0	207	4	210	3	2758	21	154	148
1:Man. 	203004	51	0	0	207	4	210	3	2795	21	154	148
1:Man. 	203207	51	0	0	208	4	210	2	2826	22	153	149
1:Man. 	203409	51	0	0	208	4	210	2	2853	22	153	149
1:Man. 	203609	51	0	0	209	4	210	1	2876	22	152	150
1:Man. 	203809	51	0	0	209	4	210	2	2891	22	153	149
1:Man. 	204009	51	0	0	209	4	210	1	2907	22	152	150
1:Man. 	204210	51	0	0	209	4	210	1	2922	22	152	150
1:Man. 	204410	51	0	0	210	4	210	0	2931	22	151	151
1:Man. 	204610	51	0	0	210	4	210	0	2934	22	151	151
1:Man. 	204811	51	0	0	211	4	210	-1	2937	22	150	152
1:Man. 	205011	51	0	0	211	4	210	-1	2933	22	150	152
1:Man. 	205212	51	0	0	211	4	210	-1	2929	22	150	152
1:Man. 	205412	51	0	0	210	4	210	0	2924	22	151	151
1:Man. 	205614	51	0	0	211	4	210	-1	2916	22	150	152
1:Man. 	205815	51	0	0	211	4	210	-1	2906	22	150	152
1:Man. 	206017	51	0	0	211	4	210	-2	2896	22	149	153
1:Man. 	206218	51	0	0	211	4	210	-1	2882	22	150	152
1:Man. 	206418	51	0	0	211	4	210	-1	2864	22	150	152
1:Man. 	206620	51	0	0	211	4	210	-1	2843	22	150	152
1:Man. 	206822	51	0	0	212	4	210	-1	2828	22	150	152
1:Man. 	207024	51	0	0	212	4	210	-2	2805	21	149	153
1:Man. 	207225	51	0	0	213	4	210	-3	2777	21	148	154
1:Man. 	207427	51	0	0	214	4	210	-4	2744	21	147	155
1:Man. 	207627	51	0	0	214	4	210	-4	2716	21	147	155
1:Man. 	207828	51	0	0	214	4	210	-4	2676	20	147	155
1:Man. 	208030	51	0	0	213	4	210	-3	2637	20	148	154
1:Man. 	208231	51	0	0	214	4	210	-3	2605	20	148	154
1:Man. 	208433	51	0	0	213	4	210	-4	2561	20	147	155
1:Man. 	208635	51	0	0	214	4	210	-4	2518	19	147	155
1:Man. 	208836	51	0	0	215	4	210	-5	2470	19	146	156
1:Man. 	209038	51	0	0	216	4	210	-5	2431	18	146	156
1:Man. 	209239	51	0	0	216	4	210	-5	2378	18	146	156
1:Man. 	209440	51	0	0	216	4	210	-6	2320	18	145	157
1:Man. 	209641	51	0	0	216	4	210	-6	2275	17	145	157
1:Man. 	209842	51	0	0	215	4	210	-5	2218	17	146	156
1:Man. 	210044	51	0	0	215	4	210	-5	2176	17	146	156
1:Man. 	210245	51	0	0	215	4	210	-4	2122	16	147	155
1:Man. 	210450	51	0	0	215	4	210	-5	2065	16	146	156
1:Man. 	210652	51	0	0	216	4	210	-6	2007	15	145	157
1:Man. 	210853	51	0	0	216	4	210	-6	1960	15	145	157
1:Man. 	211055	51	0	0	216	4	210	-6	1898	14	145	157
1:Man. 	211258	51	0	0	216	4	210	-6	1829	14	145	157
1:Man. 	211460	51	0	0	216	4	210	-6	1764	13	145	157
1:Man. 	211661	51	0	0	216	4	210	-6	1714	13	145	157
1:Man. 	211878	51	0	0	216	4	210	-7	1645	12	144	158
1:Man. 	212080	51	0	0	216	4	210	-6	1578	12	145	157
1:Man. 	212280	51	0	0	216	4	210	-6	1509	11	145	157
1:Man. 	212482	51	0	0	217	4	210	-7	1437	11	144	158
1:Man. 	212685	51	0	0	217	4	210	-7	1365	10	144	158
1:Man. 	212885	51	0	0	217	4	210	-7	1311	10	144	158
1:Man. 	213087	51	0	0	217	4	210	-7	1239	9	144	158
1:Man. 	213289	51	0	0	217	4	210	-7	1166	9	144	158
1:Man. 	213491	51	0	0	218	4	210	-8	1093	8	143	159
1:Man. 	213691	51	0	0	218	4	210	-8	1034	8	143	159
1:Man. 	213892	51	0	0	217	4	210	-7	957	7	144	158
1:Man. 	214092	51	0	0	218	4	210	-7	900	7	144	158
1:Man. 	214292	51	0	0	217	4	210	-7	824	6	144	158
1:Man. 	214494	51	0	0	218	4	210	-8	749	5	143	159
1:Man. 	214694	51	0	0	218	4	210	-8	669	5	143	159
1:Man. 	214896	51	0	0	218	4	210	-8	609	4	143	159
1:Man. 	215096	51	0	0	218	4	210	-8	529	4	143	159
1:Man. 	215315	51	0	0	218	4	210	-8	448	3	143	159
1:Man. 	215516	51	0	0	218	4	210	-8	368	2	143	159
1:Man. 	215716	51	0	0	218	4	210	-8	289	2	143	159
1:Man. 	215916	51	0	0	219	4	210	-9	209	1	142	160
1:Man. 	216117	51	0	0	219	4	210	-9	149	1	142	160
1:Man. 	216317	51	0	0	218	4	210	-8	71	0	143	159
1:Man. 	216518	51	0	0	219	4	210	-9	-10	-1	142	160
1:Man. 	216719	51	0	0	219	4	210	-9	-71	-1	142	160
1:Man. 	216921	51	0	0	219	4	210	-9	-151	-2	142	160
1:Man. 	217123	51	0	0	219	4	210	-9	-231	-2	142	160
1:Man. 	217324	51	0	0	219	4	210	-9	-311	-3	142	160
1:Man. 	217525	51	0	0	219	4	210	-9	-390	-4	142	160
1:Man. 	217725	51	0	0	219	4	210	-9	-449	-4	142	160
1:Man. 	217927	51	0	0	219	4	210	-9	-529	-5	142	160
1:Man. 	218129	51	0	0	219	4	210	-9	-605	-5	142	160
1:Man. 	218330	51	0	0	219	4	210	-9	-681	-6	142	160
1:Man. 	218530	51	0	0	219	4	210	-9	-738	-6	142	160
1:Man. 	218731	51	0	0	219	4	210	-9	-814	-7	142	160
1:Man. 	218933	51	0	0	219	4	210	-9	-890	-7	142	160
1:Man. 	219133	51	0	0	219	4	210	-9	-946	-8	142	160
1:Man. 	219334	51	0	0	219	4	210	-9	-1019	-8	142	160
1:Man. 	219534	51	0	0	219	4	210	-9	-1073	-9	142	160
1:Man. 	219736	51	0	0	219	4	210	-9	-1145	-9	142	160
1:Man. 	219936	51	0	0	219	4	210	-9	-1217	-10	142	160
1:Man. 	220138	51	0	0	219	4	210	-9	-1287	-11	142	160
1:Man. 	220338	51	0	0	219	4	210	-9	-1338	-11	142	160
1:Man. 	220539	51	0	0	219	4	210	-9	-1405	-11	142	160
1:Man. 	220740	51	0	0	219	4	210	-9	-1469	-12	142	160
1:Man. 	220941	51	0	0	219	4	210	-9	-1532	-12	142	160
1:Man. 	221143	51	0	0	219	4	210	-9	-1596	-13	142	160
1:Man. 	221343	51	0	0	219	4	210	-9	-1659	-13	142	160
1:Man. 	221544	51	0	0	219	4	210	-9	-1705	-14	142	160
1:Man. 	221745	51	0	0	219	4	210	-9	-1766	-14	142	160
1:Man. 	221945	51	0	0	219	4	210	-9	-1823	-15	142	160
1:Man. 	222147	51	0	0	218	4	210	-8	-1878	-15	143	159
1:Man. 	222348	51	0	0	218	4	210	-8	-1918	-15	143	159
1:Man. 	222550	51	0	0	218	4	210	-8	-1968	-16	143	159
1:Man. 	222752	51	0	0	218	4	210	-8	-2006	-16	143	159
1:Man. 	222954	51	0	0	218	4	210	-8	-2054	-17	143	159
1:Man. 	223155	51	0	0	217	4	210	-7	-2100	-17	144	158
1:Man. 	223356	51	0	0	217	4	210	-7	-2143	-17	144	158
1:Man. 	223558	51	0	0	217	4	210	-7	-2178	-18	144	158
1:Man. 	223761	51	0	0	217	4	210	-7	-2219	-18	144	158
1:Man. 	223962	51	0	0	217	4	210	-7	-2259	-18	144	158
1:Man. 	224162	51	0	0	217	4	210	-7	-2299	-18	144	158
1:Man. 	224363	51	0	0	217	4	210	-7	-2329	-19	144	158
1:Man. 	224563	51	0	0	217	4	210	-7	-2367	-19	144	158
1:Man. 	224763	51	0	0	217	4	210	-6	-2391	-19	145	157
1:Man. 	224966	51	0	0	217	4	210	-7	-2426	-19	144	158
1:Man. 	225167	51	0	0	216	4	210	-6	-2459	-20	145	157
1:Man. 	225369	51	0	0	216	4	210	-6	-2489	-20	145	157
1:Man. 	225572	51	0	0	215	4	210	-5	-2515	-20	146	156
1:Man. 	225773	51	0	0	215	4	210	-6	-2533	-20	145	157
1:Man. 	225975	51	0	0	215	4	210	-5	-2555	-20	146	156
1:Man. 	226177	51	0	0	215	4	210	-5	-2575	-21	146	156
1:Man. 	226378	51	0	0	215	4	210	-5	-2590	-21	146	156
1:Man. 	226580	51	0	0	215	4	210	-5	-2606	-21	146	156
1:Man. 	226781	51	0	0	215	4	210	-5	-2622	-21	146	156
1:Man. 	226982	51	0	0	214	4	210	-5	-2634	-21	146	156
1:Man. 	227184	51	0	0	214	4	210	-4	-2648	-21	147	155
1:Man. 	227384	51	0	0	214	4	210	-4	-2660	-21	147	155
1:Man. 	227585	51	0	0	214	4	210	-4	-2671	-21	147	155
1:Man. 	227786	51	0	0	214	4	210	-4	-2683	-21	147	155
1:Man. 	227987	51	0	0	214	4	210	-4	-2692	-22	147	155
1:Man. 	228189	51	0	0	214	4	210	-4	-2704	-22	147	155
1:Man. 	228389	51	0	0	214	4	210	-4	-2713	-22	147	155
1:Man. 	228590	51	0	0	213	4	210	-3	-2720	-22	148	154
1:Man. 	228790	51	0	0	213	4	210	-3	-2723	-22	148	154
1:Man. 	228992	51	0	0	213	4	210	-3	-2723	-22	148	154
1:Man. 	229193	51	0	0	213	4	210	-3	-2720	-22	148	154
1:Man. 	229393	51	0	0	213	4	210	-3	-2716	-22	148	154
1:Man. 	229595	51	0	0	213	4	210	-3	-2712	-22	148	154
1:Man. 	229795	51	0	0	213	4	210	-3	-2710	-22	148	154
1:Man. 	230001	51	0	0	213	4	210	-3	-2707	-22	148	154
1:Man. 	230203	51	0	0	213	4	210	-3	-2704	-22	148	154
1:Man. 	230404	51	0	0	212	4	210	-3	-2700	-22	148	154
1:Man. 	230604	51	0	0	212	4	210	-2	-2689	-22	149	153
1:Man. 	230806	51	0	0	212	4	210	-2	-2679	-21	149	153
1:Man. 	231008	51	0	0	212	4	210	-1	-2662	-21	150	152
1:Man. 	231208	51	0	0	212	4	210	-2	-2646	-21	149	153
1:Man. 	231409	51	0	0	212	4	210	-2	-2636	-21	149	153
1:Man. 	231610	51	0	0	212	4	210	-2	-2624	-21	149	153
1:Man. 	231811	51	0	0	212	4	210	-2	-2614	-21	149	153
1:Man. 	232012	51	0	0	211	4	210	-1	-2603	-21	150	152
1:Man. 	232213	51	0	0	211	4	210	-1	-2587	-21	150	152
1:Man. 	232413	51	0	0	211	4	210	-1	-2572	-21	150	152
1:Man. 	232614	51	0	0	211	4	210	-1	-2552	-20	150	152
1:Man. 	232815	51	0	0	211	4	210	-1	-2535	-20	150	152
1:Man. 	233015	51	0	0	211	4	210	-1	-2514	-20	150	152
1:Man. 	233217	51	0	0	211	4	210	-1	-2493	-20	150	152
1:Man. 	233417	51	0	0	211	4	210	-1	-2472	-20	150	152
1:Man. 	233618	51	0	0	210	4	210	0	-2455	-20	151	151
1:Man. 	233820	51	0	0	210	4	210	-1	-2433	-20	150	152
1:Man. 	234022	51	0	0	211	4	210	0	-2407	-19	151	151
1:Man. 	234224	51	0	0	210	4	210	0	-2379	-19	151	151
1:Man. 	234425	51	0	0	211	4	210	-1	-2360	-19	150	152
1:Man. 	234633	51	0	0	210	4	210	0	-2332	-19	151	151
1:Man. 	234833	51	0	0	210	4	210	0	-2304	-18	151	151
1:Man. 	235034	51	0	0	210	4	210	0	-2276	-18	151	151
1:Man. 	235236	51	0	0	210	4	210	0	-2246	-18	151	151
1:Man. 	235438	51	0	0	210	4	210	0	-2215	-18	151	151
1:Man. 	235638	51	0	0	210	4	210	0	-2193	-18	151	151
1:Man. 	235840	51	0	0	210	4	210	0	-2162	-17	151	151
1:Man. 	236041	51	0	0	210	4	210	0	-2131	-17	151	151
1:Man. 	236242	51	0	0	209	4	210	1	-2096	-17	152	150
1:Man. 	236444	51	0	0	209	4	210	1	-2069	-17	152	150
1:Man. 	236645	51	0	0	209	4	210	1	-2033	-16	152	150
1:Man. 	236846	51	0	0	209	4	210	1	-2006	-16	152	150
1:Man. 	237047	51	0	0	210	4	210	0	-1971	-16	151	151
1:Man. 	237249	51	0	0	210	4	210	0	-1938	-16	151	151
1:Man. 	237450	51	0	0	210	4	210	0	-1906	-15	151	151
1:Man. 	237651	51	0	0	209	4	210	1	-1871	-15	152	150
1:Man. 	237853	51	0	0	209	4	210	1	-1841	-15	152	150
1:Man. 	238055	51	0	0	209	4	210	1	-1803	-15	152	150
1:Man. 	238257	51	0	0	209	4	210	1	-1761	-14	152	150
1:Man. 	238458	51	0	0	208	4	210	1	-1731	-14	152	150
1:Man. 	238660	51	0	0	209	4	210	1	-1692	-14	152	150
1:Man. 	238862	51	0	0	210	4	210	0	-1655	-13	151	151
1:Man. 	239065	51	0	0	209	4	210	0	-1628	-13	151	151
1:Man. 	239267	51	0	0	209	4	210	1	-1588	-13	152	150
1:Man. 	239469	51	0	0	209	4	210	1	-1548	-13	152	150
1:Man. 	239670	51	0	0	208	4	210	2	-1506	-12	153	149
1:Man. 	239873	51	0	0	208	4	210	1	-1476	-12	152	150
1:Man. 	240078	51	0	0	209	4	210	1	-1434	-12	152	150
1:Man. 	240278	51	0	0	208	4	210	2	-1392	-11	153	149
1:Man. 	240479	51	0	0	208	4	210	1	-1349	-11	152	150
1:Man. 	240679	51	0	0	209	4	210	1	-1308	-11	152	150
1:Man. 	240880	51	0	0	209	4	210	1	-1268	-10	152	150
1:Man. 	241081	51	0	0	209	4	210	2	-1237	-10	153	149
1:Man. 	241282	51	0	0	209	4	210	1	-1196	-10	152	150
1:Man. 	241482	51	0	0	208	4	210	2	-1152	-9	153	149
1:Man. 	241683	51	0	0	208	4	210	2	-1119	-9	153	149
1:Man. 	241884	51	0	0	208	4	210	2	-1075	-9	153	149
1:Man. 	242086	51	0	0	208	4	210	2	-1031	-9	153	149
1:Man. 	242288	51	0	0	208	4	210	2	-989	-8	153	149
1:Man. 	242489	51	0	0	208	4	210	2	-957	-8	153	149
1:Man. 	242691	51	0	0	208	4	210	2	-913	-8	153	149
1:Man. 	242892	51	0	0	208	4	210	1	-871	-7	152	150
1:Man. 	243093	51	0	0	208	4	210	2	-838	-7	153	149
1:Man. 	243294	51	0	0	208	4	210	2	-794	-7	153	149
1:Man. 	243494	51	0	0	209	4	210	1	-755	-6	152	150
1:Man. 	243696	51	0	0	208	4	210	2	-715	-6	153	149
1:Man. 	243898	51	0	0	208	4	210	2	-684	-6	153	149
1:Man. 	244100	51	0	0	208	4	210	2	-645	-6	153	149
1:Man. 	244300	51	0	0	208	4	210	2	-605	-5	153	149
1:Man. 	244500	51	0	0	208	4	210	2	-575	-5	153	149
1:Man. 	244702	51	0	0	208	4	210	2	-536	-5	153	149
1:Man. 	244903	51	0	0	208	4	210	2	-502	-4	153	149
1:Man. 	245106	51	0	0	209	4	210	1	-467	-4	152	150
1:Man. 	245308	51	0	0	209	4	210	1	-443	-4	152	150
1:Man. 	245508	51	0	0	208	4	210	1	-411	-4	152	150
1:Man. 	245708	51	0	0	208	4	210	2	-376	-3	153	149
1:Man. 	245909	51	0	0	208	4	210	1	-351	-3	152	150
1:Man. 	246110	51	0	0	209	4	210	1	-319	-3	152	150
1:Man. 	246310	51	0	0	209	4	210	1	-289	-3	152	150
1:Man. 	246511	51	0	0	209	4	210	1	-259	-3	152	150
1:Man. 	246711	51	0	0	209	4	210	1	-236	-2	152	150
1:Man. 	246915	51	0	0	209	4	210	1	-208	-2	152	150
1:Man. 	247115	51	0	0	209	4	210	1	-180	-2	152	150
1:Man. 	247317	51	0	0	209	4	210	1	-156	-2	152	150
1:Man. 	247524	51	0	0	209	4	210	1	-137	-2	152	150
1:Man. 	247725	51	0	0	209	4	210	1	-113	-1	152	150
1:Man. 	247925	51	0	0	209	4	210	1	-89	-1	152	150
1:Man. 	248128	51	0	0	209	4	210	1	-66	-1	152	150
1:Man. 	248328	51	0	0	210	4	210	0	-44	-1	151	151
1:Man. 	248528	51	0	0	210	4	210	0	-29	-1	151	151
1:Man. 	248728	51	0	0	210	4	210	1	-10	-1	152	150
1:Man. 	248929	51	0	0	209	4	210	1	7	0	152	150
1:Man. 	249131	51	0	0	210	4	210	0	25	0	151	151
1:Man. 	249333	51	0	0	210	4	210	0	37	0	151	151
1:Man. 	249534	51	0	0	210	4	210	-1	52	0	150	152
1:Man. 	249735	51	0	0	211	4	210	-1	66	0	150	152
1:Man. 	249937	51	0	0	210	4	210	0	81	0	151	151
1:Man. 	250139	51	0	0	210	4	210	0	91	0	151	151
1:Man. 	250340	51	0	0	210	4	210	0	104	0	151	151
1:Man. 	250541	51	0	0	211	4	210	-1	114	0	150	152
1:Man. 	250744	51	0	0	211	4	210	-1	120	0	150	152
1:Man. 	250944	51	0	0	211	4	210	-1	128	1	150	152
1:Man. 	251146	51	0	0	211	4	210	-1	136	1	150	152
1:Man. 	251347	51	0	0	211	4	210	-1	144	1	150	152
1:Man. 	251547	51	0	0	212	4	210	-1	150	1	150	152
1:Man. 	251749	51	0	0	212	4	210	-2	154	1	149	153
1:Man. 	251951	51	0	0	213	4	210	-3	157	1	148	154
1:Man. 	252152	51	0	0	213	4	210	-3	158	1	148	154
1:Man. 	252355	51	0	0	213	4	210	-3	157	1	148	154
1:Man. 	252556	51	0	0	213	4	210	-3	153	1	148	154
1:Man. 	252764	51	0	0	213	4	210	-2	151	1	149	153
1:Man. 	252964	51	0	0	212	4	210	-2	150	1	149	153
1:Man. 	253166	51	0	0	212	4	210	-2	150	1	149	153
1:Man. 	253368	51	0	0	212	4	210	-2	150	1	149	153
1:Man. 	253569	51	0	0	213	4	210	-3	144	1	148	154
1:Man. 	253769	51	0	0	214	4	210	-4	137	1	147	155
1:Man. 	253971	51	0	0	214	4	210	-4	125	0	147	155
1:Man. 	254173	51	0	0	215	4	210	-5	110	0	146	156
1:Man. 	254373	51	0	0	215	4	210	-5	98	0	146	156
1:Man. 	254575	51	0	0	215	4	210	-5	83	0	146	156
1:Man. 	254776	51	0	0	214	4	210	-4	70	0	147	155
